0000000001101737963000720            MONSERTEC ENGENHARIA LTDA                                                                                                                             000090036500520132111202329112023291120230827
0000419263211120230400012656598089
0000419273211120230400012954948061
0000419283211120230400012725645052
0000419293211120230430020054248676
0000419303211120230636017071977958
0000419313211120230636016305559253
0000419323211120230644020404674490
0000419333211120230645012395259499
0000419343211120230650020934295349
0000419353211120230650020362100882
0000419363211120230650012698584078
0000419373211120230650012630234071
0000419383211120230650012291267169
0000419393211120230650012735261079
0000419403211120230650012559492042
000041941621112023065106
0000419423211120230651013316741452
0000419433211120230651016308554538
0000419443211120230651012945337047
0000419453211120230651012938398060
0000419463211120230651020011244237
0000419473211120230652012917605040
0000419483211120230652012281192417
0000419493211120230652020201301339
0000419503211120230652020719057463
0000419513211120230652016187807392
0000419523211120230653016198015131
0000419533211120230653012346907040
0000419543211120230653017053323852
0000419553211120230653016573952589
0000419563211120230653016613212416
0000419573211120230653012720835058
0000419583211120230654012449412893
0000419593211120230654020214574010
0000419603211120230654016187065035
0000419613211120230654016238408902
0000419623211120230656016370583368
0000419633211120230656012972399082
0000419643211120230656012678987088
0000419653211120230657012766238044
0000419663211120230658020931211594
0000419673211120230658012731591074
0000419683211120230658020630433172
0000419693211120230658021279045584
0000419703211120230659016191422475
0000419713211120230701012475183804
0000419723211120230702012735908080
0000419733211120230702012675112048
0000419743211120230702012054738273
0000419753211120230702012756774180
0000419763211120230703020637810885
0000419773211120230726013111642851
0000419783211120231705020362100882
0000419793211120231705020931211594
0000419803211120231705020012673964
0000419813211120231705019017032785
0000419823211120231705020011244237
0000419833211120231705020934295349
0000419843211120231705012630234071
0000419853211120231705012731591074
0000419863211120231705020637810885
0000419873211120231705016370583368
0000419883211120231705012595593082
0000419893211120231706013316741452
0000419903211120231706012395259499
0000419913211120231706020214574010
0000419923211120231706016194246406
0000419933211120231706012858002047
0000419943211120231706012806691046
0000419953211120231707016187807392
0000419963211120231707013111642851
0000419973211120231707020719057463
0000419983211120231707012281192417
0000419993211120231707012054738273
0000420003211120231707012735261079
0000420013211120231707012291267169
0000420023211120231707020404674490
0000420033211120231707020340970388
0000420043211120231708016573952589
0000420053211120231708021279045584
0000420063211120231708016613212416
0000420073211120231708012722508070
0000420083211120231708020630433172
0000420093211120231708013191173934
0000420103211120231709016191422475
0000420113211120231709017071977958
0000420123211120231710020201301339
0000420133211120231710016237896024
0000420143211120231715012743830052
0000420153211120231759020054248676
0000420163211120231808016305559253
0000420173211120231830012938398060
0000420183211120231831012945337047
0000420193211120231851012656598089
0000420203211120231851012954948061
0000420213221120230500012656598089
0000420223221120230500012725645052
0000420233221120230500012954948061
0000420243221120230635017071977958
0000420253221120230650012785821086
0000420263221120230650020719057463
0000420273221120230650020201301339
0000420283221120230650012698584078
0000420293221120230650020692475405
0000420303221120230650016370583368
0000420313221120230651012806691046
0000420323221120230651012630234071
0000420333221120230651012858002047
0000420343221120230651019017032785
0000420353221120230651012890641084
0000420363221120230651020011244237
0000420373221120230651012753405079
0000420383221120230651012766238044
0000420393221120230652020326213354
0000420403221120230652016573952589
0000420413221120230652016466865909
0000420423221120230652020340970388
0000420433221120230652016198015131
0000420443221120230652012917605040
0000420453221120230653012346907040
0000420463221120230654020214574010
0000420473221120230654012972399082
0000420483221120230654012678987088
0000420493221120230654012938398060
0000420503221120230654012281192417
0000420513221120230655012945337047
0000420523221120230655012731591074
0000420533221120230656016613212416
0000420543221120230656016237896024
0000420553221120230657020934295349
0000420563221120230658012475183804
0000420573221120230659012054738273
0000420583221120230659020630433172
0000420593221120230700021279045584
0000420603221120230702020362100882
0000420613221120230703016191422475
0000420623221120230706020991913390
0000420633221120230709016187807392
0000420643221120230709020404674490
0000420653221120230709012735908080
0000420663221120230710020128814602
0000420673221120230746012743830052
0000420683221120231700016187807392
0000420693221120231705020362100882
0000420703221120231705019017032785
0000420713221120231705020012673964
0000420723221120231705020934295349
0000420733221120231705016370583368
0000420743221120231705012630234071
0000420753221120231705012395259499
0000420763221120231705020214574010
0000420773221120231705012731591074
0000420783221120231705012746863121
0000420793221120231705012595593082
0000420803221120231706012291267169
0000420813221120231706012735261079
0000420823221120231706013316741452
0000420833221120231706020385258466
0000420843221120231706020404674490
0000420853221120231706013111642851
0000420863221120231706012281192417
0000420873221120231706012545112269
0000420883221120231707016194246406
0000420893221120231707020340964760
0000420903221120231707012054738273
0000420913221120231707016305559253
0000420923221120231707020719057463
0000420933221120231707017071977958
0000420943221120231707016613212416
0000420953221120231707016573952589
0000420963221120231708012678987088
0000420973221120231708020637810885
0000420983221120231708013191173934
0000420993221120231709020630433172
0000421003221120231709016198015131
0000421013221120231710021279045584
0000421023221120231710012346907040
0000421033221120231719012743830052
0000421043221120231802020054248676
0000421053221120231817012656598089
0000421063221120231817012954948061
0000421073221120231817012945337047
0000421083221120231830012753405079
0000421093221120231830020011244237
0000421103221120231830020692475405
0000421113221120231832012938398060
0000421123231120230400012656598089
0000421133231120230400012954948061
0000421143231120230400012725645052
0000421153231120230430020054248676
0000421163231120230643016305559253
0000421173231120230643017071977958
0000421183231120230650020934295349
0000421193231120230650020362100882
0000421203231120230650012743830052
0000421213231120230650020719057463
0000421223231120230650020011244237
0000421233231120230650016308554538
0000421243231120230650020201301339
0000421253231120230650016013037265
0000421263231120230650012698584078
0000421273231120230650012475173949
0000421283231120230651012858002047
0000421293231120230651012766238044
0000421303231120230651016191422475
0000421313231120230651016238408902
0000421323231120230651012678987088
0000421333231120230651016573952589
0000421343231120230651012938398060
0000421353231120230652020925209419
0000421363231120230652016194246406
0000421373231120230652020340970388
0000421383231120230653012449412893
0000421393231120230653016198015131
0000421403231120230653012346907040
0000421413231120230654021279045584
0000421423231120230654016187807392
0000421433231120230655012722508070
0000421443231120230657012281192417
0000421453231120230657020214574010
0000421463231120230657016370583368
0000421473231120230657012972399082
0000421483231120230657012731591074
0000421493231120230657016613212416
0000421503231120230658012945337047
0000421513231120230658019017032785
0000421523231120230658012054738273
0000421533231120230658012475183804
0000421543231120230659012746863121
0000421553231120230704020637810885
0000421563231120230704020128814602
0000421573231120230704012675112048
0000421583231120230705020404674490
0000421593231120230705013316741452
0000421603231120230705012735908080
0000421613231120230705016187065035
0000421623231120230706012898222072
0000421633231120230707012533568343
000042164623112023084402
000042165623112023084502
0000421663231120231256016573952589
0000421673231120231705020362100882
0000421683231120231705020931211594
0000421693231120231705019017032785
0000421703231120231705013316741452
0000421713231120231705016370583368
0000421723231120231705020012673964
0000421733231120231705012731591074
0000421743231120231705012630234071
0000421753231120231705020934295349
0000421763231120231705020214574010
0000421773231120231705012395259499
0000421783231120231706016194246406
0000421793231120231706012898222072
0000421803231120231706012806691046
0000421813231120231706020091049800
0000421823231120231706020637810885
0000421833231120231706012281192417
0000421843231120231706020340964760
0000421853231120231706016191422475
0000421863231120231707012678987088
0000421873231120231707012054738273
0000421883231120231707013111642851
0000421893231120231707016613212416
0000421903231120231707020340970388
0000421913231120231707016187807392
0000421923231120231707020404674490
0000421933231120231707020201301339
0000421943231120231707020719057463
0000421953231120231708016238408902
0000421963231120231708012972399082
0000421973231120231708020630433172
0000421983231120231709012675112048
0000421993231120231709021279045584
0000422003231120231710020991913390
0000422013231120231710017071977958
0000422023231120231711016199437366
0000422033231120231714012743830052
0000422043231120231715016308554538
0000422053231120231747012656598089
0000422063231120231747012954948061
0000422073231120231748012725645052
0000422083231120231804020054248676
0000422093231120231830012938398060
0000422103231120231830020011244237
0000422113231120231831012945337047
0000422123241120230400012954948061
0000422133241120230400012656598089
0000422143241120230431020054248676
0000422153241120230639017071977958
0000422163241120230644012395259499
0000422173241120230650020362100882
0000422183241120230650012785821086
0000422193241120230650020934295349
0000422203241120230650012630234071
0000422213241120230651020011244237
0000422223241120230651012858002047
0000422233241120230651012743830052
0000422243241120230651012938398060
0000422253241120230651012722245053
0000422263241120230651012678987088
0000422273241120230651020630433172
0000422283241120230652021279045584
0000422293241120230652012346907040
0000422303241120230652017053323852
0000422313241120230653016573952589
0000422323241120230653012698584078
0000422333241120230653016013037265
0000422343241120230654016237896024
0000422353241120230654012722508070
0000422363241120230655016613212416
0000422373241120230655012972399082
0000422383241120230655016187807392
0000422393241120230656012281192417
0000422403241120230656020214574010
0000422413241120230657012475183804
0000422423241120230659012945337047
0000422433241120230659012735908080
0000422443241120230659012731591074
0000422453241120230659020931211594
0000422463241120230700019017032785
0000422473241120230700020128814602
0000422483241120230700012735261079
0000422493241120230700013316741452
0000422503241120230700012612971078
0000422513241120230700012533568343
0000422523241120230702016198015131
0000422533241120230706016191422475
0000422543241120230706016238408902
0000422553241120230710012898222072
0000422563241120230710020201301339
0000422573241120230711012675112048
0000422583241120230711012890641084
0000422593241120230712020719057463
0000422603241120230712016308554538
0000422613241120230712012806691046
0000422623241120230712012054738273
0000422633241120230712020991913390
0000422643241120230713012398509801
0000422653241120230722020300756865
0000422663241120231201012890641084
0000422673241120231204012766238044
0000422683241120231206016199437366
0000422693241120231218012972399082
0000422703241120231218016198015131
0000422713241120231705020931211594
0000422723241120231705020012673964
0000422733241120231705019017032785
0000422743241120231705013316741452
0000422753241120231705012630234071
0000422763241120231705020934295349
0000422773241120231705012586538953
0000422783241120231705020214574010
0000422793241120231705016370583368
0000422803241120231705020637810885
0000422813241120231705012743830052
0000422823241120231705020719057463
0000422833241120231706020201301339
0000422843241120231706012395259499
0000422853241120231706012545113974
0000422863241120231706012291267169
0000422873241120231706013111642851
0000422883241120231706012806691046
0000422893241120231707016187807392
0000422903241120231707012281192417
0000422913241120231707016308554538
0000422923241120231707012858002047
0000422933241120231707012475183804
0000422943241120231707020404674490
0000422953241120231707016237896024
0000422963241120231707020991913390
0000422973241120231707016048024895
0000422983241120231708012675112048
0000422993241120231708016238408902
0000423003241120231708017071977958
0000423013241120231708016573952589
0000423023241120231708020630433172
0000423033241120231709020385258466
0000423043241120231709016305559253
0000423053241120231709012731591074
0000423063241120231710021279045584
0000423073241120231716020340964760
0000423083241120231803020054248676
0000423093241120231804012945337047
0000423103241120231808012656598089
0000423113241120231808012954948061
0000423123241120231809012753405079
0000423133241120231830020925209419
0000423143241120231831012938398060
0000423153241120231831020011244237
0000423163241120231831020692475405
0000423173251120230400012725645052
0000423183251120230401012954948061
0000423193251120230401012656598089
0000423203251120230430020054248676
0000423213251120230626016187065035
0000423223251120230632016613212416
0000423233251120230632012731591074
0000423243251120230635016370583368
0000423253251120230640020340970388
0000423263251120230650020925209419
0000423273251120230650020011244237
0000423283251120230652012698584078
0000423293251120230653012735908080
0000423303251120230653012917605040
0000423313251120230655012938398060
0000423323251120230657012785821086
0000423333251120230702012913977067
0000423343251120230703012533568343
0000423353251120230720012869018101
0000423363251120231650016187065035
0000423373251120231650012698584078
0000423383251120231652012533568343
0000423393251120231701016370583368
0000423403251120231701016613212416
0000423413251120231705012913977067
0000423423251120231721012785821086
0000423433251120231758020054248676
0000423443251120231759012755079047
0000423453251120231830012731591074
0000423463251120231830020049914515
0000423473251120231830020011244237
0000423483251120231831020214574010
0000423493251120231831020340970388
0000423503251120231833020925209419
0000423513251120231835012917605040
0000423523251120231835012938398060
0000423533261120230430012755079047
0000423543261120230430020054248676
0000423553261120230638016529302000
0000423563261120230647012722508070
0000423573261120230647020692475405
0000423583261120230651012954948061
0000423593261120230654012656598089
0000423603261120231700012722508070
0000423613261120231701016529302000
0000423623261120231807012656598089
0000423633261120231808012954948061
0000423643261120231829020692475405
0000423653271120230635017071977958
0000423663271120230635016305559253
0000423673271120230644012395259499
0000423683271120230650013316741452
0000423693271120230650012630234071
0000423703271120230650020934295349
0000423713271120230650020719057463
0000423723271120230650020925209419
0000423733271120230650016573952589
0000423743271120230651020692475405
0000423753271120230651016194246406
0000423763271120230652020128814602
0000423773271120230652021279045584
0000423783271120230652012938398060
0000423793271120230653017053323852
0000423803271120230654012449412893
0000423813271120230654012722508070
0000423823271120230654016613212416
0000423833271120230655012475183804
0000423843271120230655020110095655
0000423853271120230656016238408902
0000423863271120230657012731591074
0000423873271120230657012945337047
0000423883271120230657012698584078
0000423893271120230657020011244237
0000423903271120230657012346907040
0000423913271120230658013191173934
0000423923271120230658012890641084
0000423933271120230658012917605040
0000423943271120230658020991913390
0000423953271120230658012806691046
0000423963271120230659016466865909
000042397627112023080602
0000423983271120231705020931211594
0000423993271120231705020012673964
0000424003271120231705016370583368
0000424013271120231705019017032785
0000424023271120231705020934295349
0000424033271120231705012630234071
0000424043271120231705016372320992
0000424053271120231705012731591074
0000424063271120231705020214574010
0000424073271120231705013316741452
0000424083271120231706012595593082
0000424093271120231706016194246406
0000424103271120231707020637810885
0000424113271120231707012281192417
0000424123271120231707012806691046
0000424133271120231707020404674490
0000424143271120231707020385258466
0000424153271120231707020011244237
0000424163271120231708020128814602
0000424173271120231708012722508070
0000424183271120231708012475183804
0000424193271120231708012054738273
0000424203271120231708016187807392
0000424213271120231708016187065035
0000424223271120231709020340964760
0000424233271120231709012675112048
0000424243271120231709016573952589
0000424253271120231709017071977958
0000424263271120231709016305559253
0000424273271120231710020630433172
0000424283271120231710021279045584
0000424293271120231711012346907040
0000424303271120231711016613212416
0000424313271120231715016308554538
0000424323271120231715020692475405
0000424333271120231717020991913390
0000424343271120231717012743830052
0000424353271120231754020054248676
0000424363271120231830012938398060
0000424373271120231833012945337047
0000424383281120230430020054248676
0000424393281120230640016305559253
0000424403281120230640017071977958
0000424413281120230640020404674490
0000424423281120230645012395259499
0000424433281120230650013316741452
0000424443281120230650020931211594
0000424453281120230650019017032785
0000424463281120230650020201301339
0000424473281120230650012735261079
0000424483281120230650012698584078
0000424493281120230650012675112048
0000424503281120230651020011244237
0000424513281120230651012858002047
0000424523281120230651020934295349
0000424533281120230651012630234071
0000424543281120230651013191173934
0000424553281120230651012890641084
0000424563281120230651020719057463
0000424573281120230652016573952589
0000424583281120230652012346907040
0000424593281120230652012898222072
0000424603281120230652012917605040
0000424613281120230652012678987088
0000424623281120230652012746863121
0000424633281120230653020630433172
0000424643281120230653012545112269
0000424653281120230655012938398060
0000424663281120230655021279045584
0000424673281120230655012384561598
0000424683281120230656016370583368
0000424693281120230656020214574010
0000424703281120230656017053323852
0000424713281120230657016199437366
0000424723281120230657016238408902
0000424733281120230657016613212416
0000424743281120230658012475183804
0000424753281120230658012945337047
0000424763281120230658012533568343
0000424773281120230658016023086412
0000424783281120230700012735908080
0000424793281120230701012281192417
0000424803281120230702012731591074
0000424813281120230702020637810885
0000424823281120230703016466865909
0000424833281120230703016187065035
0000424843281120230703020362100882
0000424853281120230707012725645052
0000424863281120230708012954948061
0000424873281120230708012753405079
0000424883281120230710020012673964
0000424893281120230714012869018101
0000424903281120230715013111642851
0000424913281120231705020362100882
0000424923281120231705020931211594
0000424933281120231705020012673964
0000424943281120231705019017032785
0000424953281120231705020011244237
0000424963281120231705016372320992
0000424973281120231705020934295349
0000424983281120231705012630234071
0000424993281120231705012595593082
0000425003281120231705013316741452
0000425013281120231706012656598089
0000425023281120231706016370583368
0000425033281120231706020214574010
0000425043281120231706012281192417
0000425053281120231706016187065035
0000425063281120231707016308554538
0000425073281120231707020091049800
0000425083281120231707012735261079
0000425093281120231707016187807392
0000425103281120231707012731591074
0000425113281120231707012858002047
0000425123281120231707020110095655
0000425133281120231707020128814602
0000425143281120231707020404674490
0000425153281120231708013111642851
0000425163281120231708012675112048
0000425173281120231708012722508070
0000425183281120231708016613212416
0000425193281120231708020637810885
0000425203281120231708012972399082
0000425213281120231709012054738273
0000425223281120231709020340964760
0000425233281120231709016281747071
0000425243281120231709016238408902
0000425253281120231709016573952589
0000425263281120231710012890641084
0000425273281120231711020630433172
0000425283281120231712021279045584
0000425293281120231712020991913390
0000425303281120231712012743830052
0000425313281120231713017071977958
0000425323281120231805012755079047
0000425333281120231805020054248676
0000425343281120231830012938398060
0000425353281120231830020925209419
0000425363281120231843012945337047
0000425373291120230430012755079047
0000425383291120230430020054248676
0000425393291120230638016281747071
0000425403291120230643017071977958
0000425413291120230644016305559253
0000425423291120230646012395259499
0000425433291120230650012743830052
0000425443291120230650020719057463
0000425453291120230650020201301339
0000425463291120230650012806691046
0000425473291120230650020934295349
0000425483291120230650013316741452
0000425493291120230650016457582150
0000425503291120230650020128814602
0000425513291120230651016308554538
0000425523291120230651020692475405
0000425533291120230651012917605040
0000425543291120230651016529302000
0000425553291120230651012291267169
0000425563291120230651012938398060
0000425573291120230652012281192417
0000425583291120230652020991913390
0000425593291120230652016191422475
0000425603291120230652020326213354
0000425613291120230653016573952589
0000425623291120230653016198015131
0000425633291120230653012346907040
0000425643291120230654020630433172
0000425653291120230654021279045584
0000425663291120230654016238408902
0000425673291120230654012722508070
0000425683291120230654020931211594
0000425693291120230654016613212416
0000425703291120230655017053323852
0000425713291120230655012731591074
0000425723291120230655012945337047
0000425733291120230656016187807392
0000425743291120230656012449412893
0000425753291120230656012612971078
0000425763291120230657012475183804
0000425773291120230657012054738273
0000425783291120230658016199437366
0000425793291120230700016237896024
0000425803291120230702012678987088
0000425813291120230704012656598089
0000425823291120230706012954948061
0000425833291120230707012725645052
0000425843291120230707020404674490
0000425853291120230708020637810885
0000425863291120230708012533568343
0000425873291120230709016187065035
0000425883291120230715012475043360
9999999990000000000000006590000000000000000000000000049
