0000000001101737963000720            MONSERTEC ENGENHARIA LTDA                                                                                                                             000090036500520160111202329112023291120230837
0000275913011120230641016249910566
0000275923011120230641012362427910
0000275933011120230641020343863183
0000275943011120230646012846728064
0000275953011120230648012746758069
0000275963011120230648019002500516
0000275973011120230650013051005044
0000275983011120230650012619208078
0000275993011120230650012768176046
0000276003011120230650015347428310
0000276013011120230650014847722074
0000276023011120230650012738066056
0000276033011120230651012752078058
0000276043011120230651012384561598
0000276053011120230651012595593082
0000276063011120230653020931246185
0000276073011120230653020071974622
0000276083011120230654012603800061
0000276093011120230656020054226575
0000276103011120230656012250323463
0000276113011120230656016582676513
0000276123011120230659012559338051
0000276133011120230700016188015422
0000276143011120230700016470901809
0000276153011120230700020931631909
0000276163011120230702012586538953
0000276173011120230703020931629920
0000276183011120230706021208377967
0000276193011120230707020637841543
0000276203011120230709012693301043
0000276213011120230709012723932089
0000276223011120230710012672835073
0000276233011120230710020049914515
0000276243011120230713012783462089
0000276253011120230714012945226814
0000276263011120230715016391906476
0000276273011120230715019009552988
0000276283011120230716012664527071
0000276293011120230717021289273296
0000276303011120230729016234869336
0000276313011120230743020096759660
0000276323011120231634016470901809
0000276333011120231705020931629920
0000276343011120231705020049914515
0000276353011120231705020054226575
0000276363011120231705016188015422
0000276373011120231705012559338051
0000276383011120231705016582676513
0000276393011120231705021289273296
0000276403011120231705012586538953
0000276413011120231705012606598050
0000276423011120231705020343863183
0000276433011120231705023733781755
0000276443011120231705021208377967
0000276453011120231706012362427910
0000276463011120231706012768176046
0000276473011120231706016391906476
0000276483011120231706020071974622
0000276493011120231706020637841543
0000276503011120231706012250323463
0000276513011120231706012384561598
0000276523011120231707016194246406
0000276533011120231707012723932089
0000276543011120231707013051005044
0000276553011120231708016602797647
0000276563011120231708016240948307
0000276573011120231708012820506048
0000276583011120231709012664527071
0000276593011120231709014847722074
0000276603011120231710012945226814
0000276613011120231710012752078058
0000276623011120231710012746758069
0000276633011120231710019002500516
0000276643011120231711015347428310
0000276653011120231711012619208078
0000276663011120231711012738066056
0000276673011120231712012603800061
0000276683011120231713012846728064
0000276693011120231714016249910566
0000276703021120230704020637841543
0000276713021120230709014847722074
0000276723021120231900014847722074
0000276733031120230633012362427910
0000276743031120230641016249910566
0000276753031120230641020343863183
0000276763031120230646012559338051
0000276773031120230647016188015422
0000276783031120230647012738066056
000027679603112023064802
0000276803031120230648012846728064
0000276813031120230649012746758069
0000276823031120230649012619208078
000027683603112023064902
0000276843031120230650012752078058
0000276853031120230651014847722074
0000276863031120230653012664527071
0000276873031120230654015347428310
0000276883031120230654016582676513
0000276893031120230654013051005044
0000276903031120230655020071974622
0000276913031120230656012250323463
0000276923031120230659020637841543
0000276933031120230703020054226575
0000276943031120230705020931631909
0000276953031120230706012586538953
0000276963031120230707012672835073
0000276973031120230708021208377967
0000276983031120230708020931629920
0000276993031120230708020049914515
0000277003031120230710012783462089
0000277013031120230714012595593082
0000277023031120230715012769949081
0000277033031120230715016234869336
0000277043031120230719012945226814
0000277053031120230719021289273296
0000277063031120230720016391906476
0000277073031120230720019009552988
0000277083031120230721023733781755
0000277093031120230723012723932089
0000277103031120230727012768176046
0000277113031120231541016391906476
0000277123031120231656013051005044
0000277133031120231705012586538953
0000277143031120231705020049914515
0000277153031120231705015162690787
0000277163031120231705012559338051
0000277173031120231705012362427910
0000277183031120231705021289273296
0000277193031120231705016188015422
0000277203031120231705020931629920
0000277213031120231705012846728064
0000277223031120231705020054226575
0000277233031120231705016249910566
0000277243031120231706012545113974
0000277253031120231706012820506048
0000277263031120231706016638696328
0000277273031120231706021278007603
0000277283031120231706016582676513
0000277293031120231706012887636059
0000277303031120231707012606598050
0000277313031120231707016602797647
0000277323031120231707016240948307
0000277333031120231707012281222022
0000277343031120231707012250323463
0000277353031120231707012360435223
0000277363031120231707020637841543
0000277373031120231707021208377967
0000277383031120231707012752078058
0000277393031120231708012384561598
0000277403031120231708012945226814
0000277413031120231708020343863183
0000277423031120231708012664527071
0000277433031120231709012619208078
0000277443031120231709012746758069
0000277453031120231709015347428310
0000277463031120231709020071974622
0000277473031120231709016194246406
0000277483031120231710023623575360
0000277493031120231711012738066056
0000277503031120231755012755079047
0000277513031120231755016121345676
0000277523031120231804020931246185
0000277533031120231830012768176046
0000277543031120231839014847722074
0000277553041120230403020931246185
0000277563041120230632012691857052
0000277573041120230649012746758069
0000277583041120230649016188015422
0000277593041120230650012559338051
0000277603041120230653012768176046
0000277613041120230653012752078058
0000277623041120230653015347428310
0000277633041120230659020931629920
0000277643041120230702020637841543
0000277653041120231700012752078058
0000277663041120231700012746758069
0000277673041120231700015347428310
0000277683041120231700012691857052
0000277693041120231703012768176046
0000277703041120231830020637841543
0000277713041120231830016188015422
0000277723041120231830012559338051
0000277733061120230640016249910566
0000277743061120230640020343863183
0000277753061120230642012250323463
0000277763061120230642016391906476
0000277773061120230646012754388054
0000277783061120230646012362427910
0000277793061120230646012768176046
0000277803061120230646012846728064
0000277813061120230647012738066056
0000277823061120230649019002500516
0000277833061120230650012619208078
0000277843061120230650012746758069
0000277853061120230650012752078058
0000277863061120230650016470901809
0000277873061120230650012559338051
0000277883061120230650014847722074
0000277893061120230650016188015422
0000277903061120230653013051005044
0000277913061120230654015347428310
0000277923061120230655020071974622
0000277933061120230658012603800061
0000277943061120230658016582676513
0000277953061120230700020096759660
0000277963061120230700020931631909
0000277973061120230700020931246185
0000277983061120230705012664527071
0000277993061120230705016194246406
0000278003061120230707012586538953
0000278013061120230708021208377967
0000278023061120230709020637841543
0000278033061120230710020054226583
0000278043061120230712020049914515
0000278053061120230714012723932089
0000278063061120230714012693301043
0000278073061120230714021289273296
0000278083061120230716016204749006
0000278093061120230717012945226814
0000278103061120230718012595593082
0000278113061120230718012733847068
0000278123061120230719012769949081
0000278133061120230726016234869336
0000278143061120231249012250323463
0000278153061120231639016470901809
0000278163061120231640012603800061
0000278173061120231705020049914515
0000278183061120231705021289273296
0000278193061120231705016582676513
0000278203061120231705021208377967
0000278213061120231705012586538953
0000278223061120231705012362427910
0000278233061120231705012664527071
0000278243061120231705019002500516
0000278253061120231706012945226814
0000278263061120231706012752078058
0000278273061120231707016194246406
0000278283061120231707020343863183
0000278293061120231707014847722074
0000278303061120231709012723932089
0000278313061120231710020071974622
0000278323061120231710012738066056
0000278333061120231710013051005044
0000278343061120231712012746758069
0000278353061120231712015347428310
0000278363061120231712012619208078
0000278373061120231713012846728064
0000278383061120231714016249910566
0000278393061120231756016204749006
0000278403061120231758012755079047
0000278413061120231830016188015422
0000278423061120231831020637841543
0000278433061120231831012559338051
0000278443061120231837012768176046
0000278453071120230642020343863183
0000278463071120230642016249910566
0000278473071120230642012362427910
0000278483071120230643019002500516
0000278493071120230645012846728064
0000278503071120230645012738066056
0000278513071120230648012619208078
0000278523071120230648012746758069
0000278533071120230650012559338051
0000278543071120230650012752078058
0000278553071120230650014847722074
0000278563071120230650016194246406
0000278573071120230652020071974622
0000278583071120230652013051005044
0000278593071120230652015347428310
0000278603071120230653016188015422
0000278613071120230653016582676513
0000278623071120230654012603800061
0000278633071120230656012768176046
0000278643071120230701020637841543
0000278653071120230701012586538953
0000278663071120230702019009552988
0000278673071120230702020931631909
0000278683071120230703021208377967
0000278693071120230704012731591074
0000278703071120230704023733781755
0000278713071120230706012384561598
0000278723071120230711021289273296
0000278733071120230711012733847068
0000278743071120230715012664527071
0000278753071120230716016391906476
0000278763071120230716012945226814
0000278773071120230717012595593082
0000278783071120230720012769949081
0000278793071120230721016234869336
0000278803071120230726016204749006
0000278813071120231200020931629920
0000278823071120231705012250323463
0000278833071120231706021208377967
0000278843071120231706016582676513
0000278853071120231707019002500516
0000278863071120231707012945226814
0000278873071120231707012362427910
0000278883071120231710012586538953
0000278893071120231710016391906476
0000278903071120231711012664527071
0000278913071120231711012752078058
0000278923071120231711016194246406
0000278933071120231711014847722074
0000278943071120231712012738066056
0000278953071120231712012746758069
0000278963071120231712012768176046
0000278973071120231712020071974622
0000278983071120231712016249910566
0000278993071120231712020343863183
0000279003071120231719012603800061
0000279013071120231800016204749006
0000279023071120231830012559338051
0000279033071120231830016188015422
0000279043071120231831020637841543
0000279053071120231831012384561598
0000279063071120231850015347428310
0000279073071120231850012619208078
0000279083071120231850013051005044
0000279093081120230640012362427910
0000279103081120230640016249910566
0000279113081120230641020343863183
0000279123081120230646012738066056
0000279133081120230650019002500516
0000279143081120230650012746758069
0000279153081120230650012619208078
0000279163081120230650012768176046
0000279173081120230650014847722074
0000279183081120230650012752078058
0000279193081120230654012603800061
0000279203081120230654013051005044
0000279213081120230654020071974622
0000279223081120230654015347428310
0000279233081120230655012250323463
0000279243081120230701020637841543
0000279253081120230702012586538953
0000279263081120230706012769949081
0000279273081120230706016470901809
0000279283081120230710021289273296
0000279293081120230711016194246406
0000279303081120230712012664527071
0000279313081120230712021208377967
0000279323081120230713020931631909
0000279333081120230715012733847068
0000279343081120230715020049914515
0000279353081120230720019009552988
0000279363081120230720012595593082
0000279373081120230721016391906476
0000279383081120230724016234869336
0000279393081120231257016582676513
0000279403081120231654016470901809
0000279413081120231705016582676513
0000279423081120231705012586538953
0000279433081120231705012362427910
0000279443081120231705012664527071
0000279453081120231705016194246406
0000279463081120231705012752078058
0000279473081120231706012250323463
0000279483081120231706019002500516
0000279493081120231706016391906476
0000279503081120231706013051005044
0000279513081120231709020343863183
0000279523081120231711020071974622
0000279533081120231711014847722074
0000279543081120231711012738066056
0000279553081120231713012619208078
0000279563081120231714016249910566
0000279573081120231717012603800061
0000279583081120231831012691857052
0000279593081120231835020637841543
0000279603081120231854021208377967
0000279613081120231854012746758069
0000279623081120231854015347428310
0000279633091120230640016249910566
0000279643091120230640020343863183
0000279653091120230640012362427910
0000279663091120230646012664527071
0000279673091120230646020637841543
0000279683091120230648012738066056
0000279693091120230649016582676513
0000279703091120230650019002500516
0000279713091120230650012746758069
0000279723091120230650012619208078
0000279733091120230650012768176046
0000279743091120230650012603800061
0000279753091120230650012752078058
0000279763091120230650014847722074
0000279773091120230651021208377967
0000279783091120230652012559338051
0000279793091120230657016188015422
0000279803091120230702015347428310
0000279813091120230702020071974622
0000279823091120230702013051005044
0000279833091120230703012731591074
0000279843091120230704020931631909
0000279853091120230705012733847068
0000279863091120230705012586538953
0000279873091120230706016470901809
0000279883091120230707012693301043
000027989609112023070802
0000279903091120230709021289273296
0000279913091120230714012769949081
0000279923091120230717020049914515
0000279933091120230722016194246406
0000279943091120230723016234869336
0000279953091120230725012945226814
0000279963091120230725012595593082
0000279973091120230725016391906476
0000279983091120230729020096759660
0000279993091120230730019009552988
0000280003091120231704016582676513
0000280013091120231705012586538953
0000280023091120231705020049914515
0000280033091120231705012362427910
0000280043091120231705016470901809
0000280053091120231705012250323463
0000280063091120231705012693301043
0000280073091120231706012664527071
0000280083091120231706021208377967
0000280093091120231706019002500516
0000280103091120231706012752078058
0000280113091120231706013051005044
0000280123091120231707012945226814
0000280133091120231708016391906476
0000280143091120231710012746758069
0000280153091120231711012738066056
0000280163091120231711020343863183
0000280173091120231712014847722074
0000280183091120231713012768176046
0000280193091120231713015347428310
0000280203091120231713012603800061
0000280213091120231714020071974622
0000280223091120231714012619208078
0000280233091120231714016249910566
0000280243091120231830012691857052
0000280253091120231830020637841543
0000280263091120231833012559338051
0000280273091120231840016188015422
0000280283101120230636012362427910
0000280293101120230640016249910566
0000280303101120230640020343863183
0000280313101120230644020637841543
0000280323101120230650019002500516
0000280333101120230650012619208078
0000280343101120230650012746758069
0000280353101120230650012738066056
0000280363101120230650012768176046
0000280373101120230650012752078058
0000280383101120230650012603800061
0000280393101120230651012559338051
0000280403101120230652012250323463
0000280413101120230653016582676513
0000280423101120230655016470901809
0000280433101120230655014847722074
0000280443101120230658016188015422
0000280453101120230658023623575360
0000280463101120230701015347428310
0000280473101120230701012586538953
0000280483101120230701013051005044
0000280493101120230702020071974622
0000280503101120230702012769949081
000028051610112023070202
0000280523101120230702014590727397
0000280533101120230703020096759660
0000280543101120230704021208377967
0000280553101120230707020931631909
0000280563101120230710023733781755
0000280573101120230711020049914515
0000280583101120230711016234869336
0000280593101120230713019009552988
0000280603101120230713012693301043
0000280613101120230714021289273296
0000280623101120230719012664527071
0000280633101120230720016194246406
0000280643101120230725012595593082
0000280653101120230727012945226814
0000280663101120230727016391906476
0000280673101120231703012693301043
0000280683101120231705020049914515
0000280693101120231705016582676513
0000280703101120231705012586538953
0000280713101120231705012664527071
0000280723101120231705013051005044
0000280733101120231705021208377967
0000280743101120231705016277755820
0000280753101120231705019002500516
0000280763101120231705012250323463
0000280773101120231705012746758069
0000280783101120231705016391906476
0000280793101120231707012362427910
0000280803101120231707020071974622
0000280813101120231707012603800061
0000280823101120231707012945226814
0000280833101120231709012738066056
0000280843101120231709014847722074
0000280853101120231713015347428310
0000280863101120231714012619208078
0000280873101120231714015347428310
0000280883101120231714016249910566
0000280893101120231830014590727397
0000280903101120231830016188015422
0000280913101120231830012691857052
0000280923101120231830020637841543
0000280933101120231831012559338051
0000280943101120231838019009552988
0000280953111120230626012475184053
0000280963111120230643012768176046
0000280973111120230650012559338051
0000280983111120230650016188015422
0000280993111120230700012250323463
0000281003111120230701023733781755
0000281013111120230702014590727397
0000281023111120230704012384561598
0000281033111120230705020637841543
0000281043111120230705012723932089
0000281053111120230707012769949081
0000281063111120230709020049914515
0000281073111120230712020931631909
0000281083111120230749012595593082
0000281093111120231705012250323463
0000281103111120231706012768176046
0000281113111120231830012559338051
0000281123111120231830016188015422
0000281133111120231830020637841543
0000281143111120231830012384561598
0000281153111120231830014590727397
0000281163121120230646016188015422
0000281173121120230655012559338051
0000281183121120231834012559338051
0000281193121120231834016188015422
0000281203131120230638020931246185
0000281213131120230640016249910566
0000281223131120230640012362427910
0000281233131120230649012738066056
0000281243131120230649019002500516
0000281253131120230649016188015422
0000281263131120230649012559338051
0000281273131120230649012746758069
0000281283131120230649012768176046
0000281293131120230650012619208078
0000281303131120230650014847722074
0000281313131120230650020637841543
0000281323131120230654012664527071
0000281333131120230657016582676513
0000281343131120230657012250323463
0000281353131120230659012603800061
0000281363131120230702014590727397
0000281373131120230703013051005044
0000281383131120230703015347428310
0000281393131120230703020071974622
0000281403131120230705020931631909
0000281413131120230708012586538953
0000281423131120230708021208377967
0000281433131120230711020049914515
0000281443131120230711012672835073
0000281453131120230714021289273296
0000281463131120230715012769949081
0000281473131120230716012595593082
0000281483131120230716023623575360
0000281493131120230716020364373738
0000281503131120230716016234869336
0000281513131120230718012693301043
0000281523131120230720012723932089
0000281533131120230722012945226814
0000281543131120230722016391906476
000028155413112023083913112023070511111111111
0000281563131120230705012616852073
000028157413112023070513112023084011111111111
000028158613112023170306
0000281593131120231703020049914515
0000281603131120231704016582676513
0000281613131120231704012362427910
0000281623131120231705012586538953
0000281633131120231705012250323463
0000281643131120231705016391906476
0000281653131120231706012664527071
0000281663131120231706019002500516
0000281673131120231707012945226814
0000281683131120231707021208377967
0000281693131120231708012603800061
0000281703131120231709012768176046
0000281713131120231710020637841543
0000281723131120231710016194246406
0000281733131120231710020071974622
0000281743131120231710014847722074
0000281753131120231711016249910566
0000281763131120231711012746758069
0000281773131120231712013051005044
0000281783131120231712012738066056
0000281793131120231712015347428310
0000281803131120231713012619208078
0000281813131120231830016188015422
0000281823131120231830012559338051
0000281833131120231830012691857052
0000281843131120231833014590727397
0000281853141120230640016249910566
0000281863141120230642012362427910
0000281873141120230647016188015422
0000281883141120230649020637841543
0000281893141120230649019002500516
0000281903141120230650014847722074
0000281913141120230650012738066056
0000281923141120230650012746758069
0000281933141120230651012619208078
0000281943141120230652023623575360
0000281953141120230652012768176046
0000281963141120230653016582676513
0000281973141120230654015347428310
0000281983141120230655013051005044
0000281993141120230655020071974622
000028200614112023065502
0000282013141120230656020110095655
0000282023141120230656012384561598
0000282033141120230656012250323463
0000282043141120230657016194246406
0000282053141120230657012603800061
0000282063141120230657023733781755
0000282073141120230658020630416731
0000282083141120230658012559338051
0000282093141120230659012586538953
0000282103141120230700014590727397
0000282113141120230704012664527071
0000282123141120230707021208377967
0000282133141120230707020931631909
0000282143141120230709012733847068
000028215614112023071002
000028216614112023071002
0000282173141120230711012693301043
0000282183141120230712016234869336
0000282193141120230714020049914515
0000282203141120230714021289273296
0000282213141120230717012769949081
0000282223141120230722012945226814
0000282233141120230723016391906476
0000282243141120230727012595593082
0000282253141120231500012362427910
0000282263141120231703012590237040
0000282273141120231703012693301043
0000282283141120231704016391906476
0000282293141120231705020071974622
0000282303141120231705019002500516
0000282313141120231705016582676513
0000282323141120231705012664527071
0000282333141120231705012250323463
0000282343141120231706021208377967
0000282353141120231706012586538953
0000282363141120231706012945226814
0000282373141120231709012603800061
0000282383141120231710013051005044
0000282393141120231710012738066056
0000282403141120231711015347428310
0000282413141120231711012746758069
0000282423141120231711012768176046
0000282433141120231711012619208078
0000282443141120231711014847722074
0000282453141120231715016249910566
0000282463141120231830012559338051
0000282473141120231830020637841543
0000282483141120231830016188015422
0000282493141120231831012691857052
0000282503141120231832012384561598
0000282513141120231832014590727397
0000282523151120230641021208377967
0000282533151120230645020637841543
0000282543151120230654019002500516
0000282553151120230655012619208078
0000282563151120230656012723932089
0000282573151120230657012384561598
0000282583151120230701014590727397
0000282593151120230705020096759660
0000282603151120230706012672835073
0000282613151120230708023733781755
0000282623151120230709012733847068
0000282633151120230709020049914515
0000282643151120230713012769949081
0000282653151120230716015347428310
0000282663151120230716013051005044
0000282673151120230726021289273296
0000282683151120231104012595593082
0000282693151120231110020931631909
0000282703151120231658021208377967
0000282713151120231809012691857052
0000282723151120231830016254546346
0000282733151120231830020110095655
0000282743151120231831020637841543
0000282753151120231831014590727397
0000282763151120231833012384561598
0000282773161120230640016249910566
0000282783161120230640012362427910
0000282793161120230642019002500516
0000282803161120230650014847722074
0000282813161120230650012619208078
0000282823161120230650012746758069
0000282833161120230650012738066056
0000282843161120230650012768176046
0000282853161120230654012250323463
0000282863161120230656016391906476
0000282873161120230656016582676513
0000282883161120230656014590727397
0000282893161120230656012664527071
0000282903161120230658020637841543
0000282913161120230658012603800061
0000282923161120230659015347428310
0000282933161120230659013051005044
0000282943161120230659012559338051
0000282953161120230659020071974622
0000282963161120230702023733781755
0000282973161120230703016194246406
0000282983161120230704016234869336
0000282993161120230705020931631909
0000283003161120230705012586538953
0000283013161120230707021208377967
0000283023161120230713012769949081
0000283033161120230713020049914515
0000283043161120230716021289273296
0000283053161120230716012693301043
0000283063161120230721012945226814
0000283073161120230724012733847068
0000283083161120230726012595593082
0000283093161120231705012586538953
0000283103161120231705016582676513
0000283113161120231705012559338051
0000283123161120231705012362427910
0000283133161120231705012693301043
0000283143161120231705021208377967
0000283153161120231705013051005044
0000283163161120231706012250323463
0000283173161120231706016391906476
0000283183161120231707012595593082
0000283193161120231708012945226814
0000283203161120231708014847722074
0000283213161120231709012768176046
0000283223161120231709012664527071
0000283233161120231709016194246406
0000283243161120231711020071974622
0000283253161120231712012746758069
0000283263161120231714012603800061
0000283273161120231714015347428310
0000283283161120231714012619208078
0000283293161120231714019002500516
0000283303161120231714012738066056
0000283313161120231715016249910566
0000283323161120231830012691857052
0000283333161120231831020637841543
0000283343161120231831014590727397
0000283353171120230640012362427910
0000283363171120230640016249910566
0000283373171120230642019002500516
0000283383171120230644012738066056
0000283393171120230647014847722074
0000283403171120230647023733781755
0000283413171120230650012619208078
0000283423171120230650012746758069
0000283433171120230651013051005044
0000283443171120230651015347428310
0000283453171120230651020071974622
0000283463171120230652012664527071
0000283473171120230654012768176046
0000283483171120230656010063987101
0000283493171120230657016582676513
0000283503171120230657012586538953
0000283513171120230657012250323463
0000283523171120230658020110095655
0000283533171120230658012603800061
0000283543171120230701014590727397
0000283553171120230706021208377967
0000283563171120230707016194246406
0000283573171120230708012769949081
0000283583171120230708020049914515
0000283593171120230710012693301043
0000283603171120230711020931631909
0000283613171120230716021289273296
0000283623171120230717012733847068
0000283633171120230722016234869336
0000283643171120230726012945226814
0000283653171120230727012595593082
0000283663171120230727016391906476
0000283673171120231651013051005044
0000283683171120231703020049914515
0000283693171120231703016582676513
0000283703171120231703021289273296
0000283713171120231705012768176046
0000283723171120231705012586538953
0000283733171120231705019002500516
0000283743171120231705012362427910
0000283753171120231705012746758069
0000283763171120231705012250323463
0000283773171120231705021208377967
0000283783171120231705015347428310
0000283793171120231705012619208078
0000283803171120231705016194246406
0000283813171120231707016391906476
0000283823171120231707012945226814
0000283833171120231707020071974622
0000283843171120231708012664527071
0000283853171120231709014847722074
0000283863171120231709012595593082
0000283873171120231710012738066056
0000283883171120231713012603800061
0000283893171120231715016249910566
0000283903171120231725012559338051
0000283913171120231830012691857052
0000283923171120231830012917605040
0000283933171120231831014590727397
0000283943181120230631012475184053
0000283953181120230653012559338051
0000283963181120230653023733781755
0000283973181120230654012384561598
0000283983181120230654012672835073
0000283993181120230657014590727397
0000284003181120230705015347428310
0000284013181120230706021208377967
0000284023181120230708012723932089
0000284033181120230712012769949081
0000284043181120230714020096759660
0000284053181120230715012733847068
0000284063181120230721021289273296
000028407618112023072102
0000284083181120230726012619208078
0000284093181120231648016391906476
0000284103181120231700012691857052
0000284113181120231701016568057224
0000284123181120231703021289273296
0000284133181120231705021208377967
0000284143181120231705015347428310
0000284153181120231705012619208078
0000284163181120231815012559338051
0000284173181120231830020925209419
0000284183181120231832014590727397
0000284193181120231833020214574010
0000284203181120231833012384561598
0000284213191120230646012722508070
0000284223191120230657020931629920
0000284233191120230658014847722074
0000284243191120231830014847722074
0000284253201120230625016568057224
0000284263201120230640016249910566
0000284273201120230640012362427910
0000284283201120230647012738066056
0000284293201120230648019002500516
0000284303201120230651012746758069
0000284313201120230651012619208078
0000284323201120230651020931246185
0000284333201120230651012768176046
0000284343201120230653021208377967
0000284353201120230654012664527071
0000284363201120230655016582676513
0000284373201120230656023733781755
0000284383201120230656012603800061
0000284393201120230657012250323463
0000284403201120230659015347428310
0000284413201120230659013051005044
0000284423201120230700020071974622
0000284433201120230700014590727397
0000284443201120230701016194246406
0000284453201120230702012693301043
0000284463201120230703012820506048
0000284473201120230704012586538953
0000284483201120230704014847722074
0000284493201120230710020931655751
0000284503201120230711012731591074
0000284513201120230714016234869336
0000284523201120230715012769949081
0000284533201120230719021289273296
0000284543201120230724020931631909
0000284553201120230725012945226814
0000284563201120230726016391906476
0000284573201120230731012595593082
0000284583201120230737012672835073
0000284593201120231704012693301043
0000284603201120231704021289273296
0000284613201120231705012250323463
0000284623201120231705012362427910
0000284633201120231705012586538953
0000284643201120231705016582676513
0000284653201120231706012559338051
0000284663201120231706015347428310
0000284673201120231706012664527071
0000284683201120231706021208377967
0000284693201120231706012738066056
0000284703201120231706016391906476
0000284713201120231708012768176046
0000284723201120231708012746758069
0000284733201120231709012945226814
0000284743201120231709014847722074
0000284753201120231710019002500516
0000284763201120231711013051005044
0000284773201120231712012619208078
000028478620112023171202
0000284793201120231713012603800061
0000284803201120231713020071974622
0000284813201120231715016249910566
0000284823201120231830020931246185
0000284833201120231830014590727397
000028484620112023183102
000028485621112023064006
0000284863211120230640016249910566
0000284873211120230640012362427910
0000284883211120230649019002500516
0000284893211120230650012738066056
0000284903211120230651012619208078
0000284913211120230651012746758069
0000284923211120230652012768176046
0000284933211120230653016582676513
0000284943211120230653012603800061
0000284953211120230654012664527071
0000284963211120230656012586538953
0000284973211120230658013051005044
0000284983211120230659023733781755
0000284993211120230659020071974622
0000285003211120230659015347428310
0000285013211120230700012250323463
0000285023211120230701014847722074
0000285033211120230702021208377967
0000285043211120230704020931631909
0000285053211120230709021289273296
0000285063211120230709016194246406
0000285073211120230712012693301043
0000285083211120230712020049914515
0000285093211120230718016234869336
0000285103211120230721012769949081
0000285113211120230722012945226814
0000285123211120230723016391906476
0000285133211120230723012595593082
0000285143211120231704016582676513
0000285153211120231705012362427910
0000285163211120231705012586538953
0000285173211120231705012664527071
0000285183211120231705012250323463
0000285193211120231705021289273296
0000285203211120231705021208377967
0000285213211120231705016391906476
0000285223211120231705012691857052
0000285233211120231706020071974622
0000285243211120231706012384561598
0000285253211120231706012693301043
0000285263211120231708019002500516
0000285273211120231708013051005044
0000285283211120231708020049914515
0000285293211120231710012768176046
0000285303211120231710012746758069
0000285313211120231710012603800061
0000285323211120231711014847722074
0000285333211120231711012738066056
0000285343211120231712012945226814
0000285353211120231712012619208078
0000285363211120231713015347428310
0000285373211120231713016249910566
0000285383211120231832012559338051
0000285393221120230642016249910566
0000285403221120230643012362427910
0000285413221120230643019002500516
0000285423221120230645012738066056
0000285433221120230649012746758069
0000285443221120230650012619208078
0000285453221120230650021208377967
0000285463221120230653012603800061
0000285473221120230653013051005044
0000285483221120230654015347428310
0000285493221120230654020071974622
0000285503221120230654016582676513
0000285513221120230655012559338051
0000285523221120230656012586538953
0000285533221120230657012250323463
0000285543221120230702014847722074
0000285553221120230706016194246406
0000285563221120230708012664527071
0000285573221120230708012769949081
0000285583221120230709021289273296
0000285593221120230710019009552988
0000285603221120230711020931631909
0000285613221120230712012693301043
0000285623221120230712016234869336
0000285633221120230712012768176046
0000285643221120230712020049914515
0000285653221120230714023623575360
0000285663221120230717012595593082
0000285673221120230720013111642851
0000285683221120230720012945226814
0000285693221120230721016391906476
0000285703221120231704016582676513
0000285713221120231704020049914515
0000285723221120231704021289273296
0000285733221120231704012693301043
0000285743221120231705012362427910
0000285753221120231705012586538953
0000285763221120231705012664527071
0000285773221120231705020931211594
0000285783221120231705021208377967
0000285793221120231705012250323463
0000285803221120231705012691857052
0000285813221120231705012281222022
0000285823221120231705012917605040
0000285833221120231705012384561598
0000285843221120231706016391906476
0000285853221120231708012945226814
0000285863221120231709012768176046
0000285873221120231710020071974622
0000285883221120231710014847722074
0000285893221120231711012746758069
0000285903221120231712019002500516
0000285913221120231712012738066056
0000285923221120231713015347428310
0000285933221120231714012619208078
0000285943221120231715016249910566
0000285953221120231715013051005044
0000285963221120231716012603800061
0000285973221120231830012559338051
0000285983231120230640016249910566
0000285993231120230640012362427910
0000286003231120230646012738066056
0000286013231120230647016582676513
0000286023231120230647019002500516
0000286033231120230648012746758069
0000286043231120230648012619208078
0000286053231120230650012250323463
0000286063231120230650013051005044
0000286073231120230650012664527071
0000286083231120230650020071974622
0000286093231120230650020931246185
0000286103231120230650015347428310
0000286113231120230654012559338051
0000286123231120230657012603800061
0000286133231120230659023623575360
0000286143231120230700023733781755
0000286153231120230705014847722074
0000286163231120230705012586538953
0000286173231120230707012768176046
0000286183231120230708021208377967
0000286193231120230708020931631909
0000286203231120230709021289273296
0000286213231120230710012769949081
0000286223231120230710012672835073
0000286233231120230715012693301043
0000286243231120230716016234869336
0000286253231120230721012595593082
0000286263231120230721012945226814
0000286273231120230721016391906476
0000286283231120230748019009552988
0000286293231120231704016582676513
0000286303231120231705021289273296
0000286313231120231705012595593082
0000286323231120231705012362427910
0000286333231120231705012586538953
0000286343231120231705012250323463
0000286353231120231705012691857052
0000286363231120231706012664527071
0000286373231120231706016391906476
0000286383231120231706021208377967
0000286393231120231706012384561598
0000286403231120231706012545113974
0000286413231120231707016249910566
0000286423231120231707013051005044
0000286433231120231707012693301043
0000286443231120231708012945226814
0000286453231120231709020071974622
0000286463231120231711019002500516
0000286473231120231711012746758069
0000286483231120231711012768176046
0000286493231120231711014847722074
0000286503231120231712012603800061
0000286513231120231713012738066056
0000286523231120231714015347428310
0000286533231120231714012619208078
0000286543231120231832012559338051
0000286553241120230640016249910566
0000286563241120230640012362427910
0000286573241120230641020931246185
0000286583241120230646012738066056
0000286593241120230648012619208078
0000286603241120230648012746758069
0000286613241120230648021208377967
0000286623241120230656016582676513
0000286633241120230700012603800061
0000286643241120230701016194246406
0000286653241120230702012733847068
0000286663241120230703020931631909
000028667624112023070402
0000286683241120230704012586538953
0000286693241120230705012250323463
0000286703241120230705012672835073
0000286713241120230706020049914515
0000286723241120230707012693301043
0000286733241120230707012664527071
0000286743241120230707014847722074
0000286753241120230709020931655751
0000286763241120230709012768176046
0000286773241120230710021289273296
0000286783241120230710013051005044
0000286793241120230711015347428310
0000286803241120230711020071974622
0000286813241120230712019002500516
0000286823241120230714016602797647
0000286833241120230714023733781755
0000286843241120230716023623575360
0000286853241120230717013111642851
0000286863241120230720016234869336
0000286873241120230721012945226814
0000286883241120230722016391906476
0000286893241120230722012769949081
0000286903241120230725012595593082
0000286913241120230810019009552988
0000286923241120231703020049914515
0000286933241120231703021289273296
0000286943241120231704016582676513
0000286953241120231704012281222022
0000286963241120231705012595593082
0000286973241120231705012250323463
0000286983241120231705012691857052
0000286993241120231705012384561598
0000287003241120231705012917605040
0000287013241120231705012362427910
0000287023241120231705016391906476
0000287033241120231705021208377967
0000287043241120231706012664527071
0000287053241120231708012738066056
0000287063241120231708012945226814
0000287073241120231710012768176046
0000287083241120231711020071974622
0000287093241120231711019002500516
0000287103241120231712012603800061
0000287113241120231712013051005044
0000287123241120231713015347428310
0000287133241120231713012746758069
0000287143241120231713012619208078
0000287153241120231713016249910566
0000287163251120230632012475184053
0000287173251120230635012768176046
0000287183251120230646012746758069
0000287193251120230648021208377967
0000287203251120230651020931246185
0000287213251120230651020049914515
0000287223251120230651019002500516
0000287233251120230652012384561598
0000287243251120230657013051005044
0000287253251120230659012672835073
0000287263251120230700012559338051
0000287273251120230700012705120043
0000287283251120230701023733781755
0000287293251120230701012603800061
0000287303251120230702015347428310
0000287313251120230702012619208078
0000287323251120230702012723932089
0000287333251120230725012769949081
0000287343251120230749023623575360
0000287353251120231602021208377967
0000287363251120231656012746758069
0000287373251120231656013051005044
0000287383251120231657015347428310
0000287393251120231657012619208078
0000287403251120231700012603800061
0000287413251120231700019002500516
0000287423251120231705012768176046
0000287433251120231831012384561598
0000287443271120230631012250323463
0000287453271120230633012362427910
0000287463271120230640016249910566
0000287473271120230644019002500516
0000287483271120230645012738066056
0000287493271120230646012664527071
0000287503271120230647012619208078
0000287513271120230647012746758069
0000287523271120230648012559338051
0000287533271120230648021208377967
0000287543271120230652013051005044
0000287553271120230652016188015422
0000287563271120230652015347428310
0000287573271120230657016582676513
0000287583271120230700012768176046
0000287593271120230702012603800061
0000287603271120230705012586538953
0000287613271120230706012693301043
0000287623271120230707020931631909
0000287633271120230709021289273296
0000287643271120230710012769949081
0000287653271120230710016234869336
0000287663271120230717012595593082
0000287673271120230727012945226814
0000287683271120230728016391906476
0000287693271120230738020049914515
0000287703271120230758019009552988
0000287713271120231705020049914515
0000287723271120231705012768176046
0000287733271120231705021289273296
0000287743271120231705012586538953
0000287753271120231705012362427910
0000287763271120231705016582676513
0000287773271120231705012664527071
0000287783271120231706012917605040
0000287793271120231706012691857052
0000287803271120231706012250323463
0000287813271120231706012384561598
0000287823271120231706016391906476
0000287833271120231706012945226814
0000287843271120231707021208377967
0000287853271120231708019002500516
0000287863271120231713015347428310
0000287873271120231713012738066056
0000287883271120231714012603800061
0000287893271120231714012746758069
0000287903271120231714012619208078
0000287913271120231714013051005044
0000287923271120231715016249910566
0000287933271120231830016188015422
0000287943271120231830012559338051
0000287953281120230638012362427910
0000287963281120230640016249910566
0000287973281120230650012664527071
0000287983281120230650012768176046
0000287993281120230650012746758069
0000288003281120230650012619208078
0000288013281120230650019002500516
0000288023281120230650010063987101
0000288033281120230651015347428310
0000288043281120230651013051005044
0000288053281120230653012733847068
0000288063281120230656012559338051
0000288073281120230656012738066056
0000288083281120230657012603800061
0000288093281120230657016582676513
0000288103281120230700016188015422
0000288113281120230700012586538953
0000288123281120230701012250323463
0000288133281120230703020931631909
0000288143281120230706021208377967
0000288153281120230706012769949081
0000288163281120230708016234869336
0000288173281120230708020096759660
0000288183281120230712021289273296
0000288193281120230713016391906476
0000288203281120230714020049914515
0000288213281120230718012693301043
0000288223281120230719012945226814
0000288233281120230725012595593082
0000288243281120230756019009552988
0000288253281120231655013051005044
0000288263281120231703020049914515
0000288273281120231703012693301043
0000288283281120231703021289273296
0000288293281120231705012362427910
0000288303281120231705012768176046
0000288313281120231705016582676513
0000288323281120231705012586538953
0000288333281120231705021208377967
0000288343281120231705012559338051
0000288353281120231705016188015422
0000288363281120231706012250323463
0000288373281120231706012917605040
0000288383281120231707012384561598
0000288393281120231707012691857052
0000288403281120231707016391906476
0000288413281120231708012664527071
0000288423281120231709012945226814
0000288433281120231711012746758069
0000288443281120231712019002500516
0000288453281120231712012603800061
0000288463281120231713012738066056
0000288473281120231714015347428310
0000288483281120231714012619208078
0000288493281120231714016249910566
0000288503291120230637012362427910
0000288513291120230640016249910566
0000288523291120230649012746758069
0000288533291120230649019002500516
0000288543291120230650010063987101
0000288553291120230650012619208078
0000288563291120230650012738066056
0000288573291120230650012768176046
0000288583291120230650012639573073
0000288593291120230650021208377967
0000288603291120230651013051005044
0000288613291120230651020071974622
0000288623291120230651015347428310
0000288633291120230652012559338051
0000288643291120230652016188015422
0000288653291120230657020110095655
0000288663291120230657012250323463
0000288673291120230659016582676513
0000288683291120230702012603800061
0000288693291120230703020931631909
0000288703291120230707012586538953
0000288713291120230707012733847068
0000288723291120230711012769949081
0000288733291120230712021289273296
0000288743291120230713012664527071
0000288753291120230716013111642851
0000288763291120230716020049914515
0000288773291120230716016391906476
0000288783291120230716012595593082
0000288793291120230721016234869336
0000288803291120230722012945226814
0000288813291120230724012693301043
9999999990000000000000012760000000020000000000000000139
