0000000001101737963000720            MONSERTEC ENGENHARIA LTDA                                                                                                                             000090036500181902111202329112023291120230835
0001884963211120230638020404740450
0001884973211120230638012504843595
0001884983211120230641012754388054
0001884993211120230646012691857052
0001885003211120230646012680089695
0001885013211120230647012683710765
0001885023211120230647012260236490
0001885033211120230647012868223399
0001885043211120230647012384561598
0001885053211120230650012893729047
0001885063211120230650012533565840
0001885073211120230650012749227048
0001885083211120230651020637848041
0001885093211120230654012384706146
0001885103211120230655013121248064
0001885113211120230656020322618953
0001885123211120230659016541375772
0001885133211120230659014590727397
0001885143211120230701020027271468
0001885153211120230702016110188191
0001885163211120230704012274000702
0001885173211120230707014875056954
0001885183211120230712020400875033
0001885193211120230718014456481273
0001885203211120230721020309227520
0001885213211120230722014274344076
0001885223211120230723012355287904
0001885233211120230724016331402048
0001885243211120230733012504643456
0001885253211120230748019009552988
0001885263211120231100012260236490
0001885273211120231703016110188191
0001885283211120231704012504843595
0001885293211120231704012917605040
0001885303211120231705012893729047
0001885313211120231705012533565840
0001885323211120231706020309227520
0001885333211120231706012749227048
0001885343211120231707016541375772
0001885353211120231707012274000702
0001885363211120231707012384706146
0001885373211120231708020400875033
0001885383211120231709014274344076
0001885393211120231712012868223399
0001885403211120231712020637848041
0001885413211120231714012504643456
0001885423211120231730015096783271
0001885433211120231734020027271468
0001885443211120231754016204749006
0001885453211120231804012719968074
0001885463211120231830014456481273
0001885473211120231831016331402048
0001885483211120231831012663295045
0001885493211120231831014590727397
0001885503211120231832019009552988
0001885513211120231834013121248064
0001885523211120231834020404740450
0001885533211120231835012355287904
0001885543211120231852020322618953
0001885553211120231857014875056954
0001885563211120231858012754388054
0001885573221120230636020027271468
0001885583221120230640012504843595
0001885593221120230641020404740450
0001885603221120230641012754388054
0001885613221120230643012384561598
0001885623221120230643012683710765
0001885633221120230646012691857052
0001885643221120230650013121248064
0001885653221120230650012533565840
0001885663221120230650012749227048
0001885673221120230650012893729047
0001885683221120230652012384706146
0001885693221120230652020637848041
0001885703221120230653016110188191
0001885713221120230700012274000702
0001885723221120230704014590727397
0001885733221120230707014875056954
0001885743221120230708016541375772
0001885753221120230710012680089695
0001885763221120230713014456481273
0001885773221120230713012868223399
0001885783221120230718020322618953
0001885793221120230720020309227520
0001885803221120230723016331402048
0001885813221120230723014274344076
0001885823221120230737012355287904
0001885833221120230956012504643456
0001885843221120231703020309227520
0001885853221120231704012868223399
0001885863221120231705012893729047
0001885873221120231705012749227048
0001885883221120231706012504843595
0001885893221120231706016110188191
0001885903221120231709012533565840
0001885913221120231710016541375772
0001885923221120231712014274344076
0001885933221120231713012384706146
0001885943221120231713012274000702
0001885953221120231734015096783271
0001885963221120231757016204749006
0001885973221120231808020322618953
0001885983221120231808020027271468
0001885993221120231814012719968074
0001886003221120231830014590727397
0001886013221120231836013121248064
0001886023221120231836012663295045
0001886033221120231836020404740450
0001886043221120231837019009552988
0001886053221120231838016331402048
0001886063221120231841012355287904
0001886073221120231852014875056954
0001886083221120231854012754388054
0001886093221120231903014456481273
0001886103221120231921012504643456
0001886113231120230630012680089695
0001886123231120230635012429798575
0001886133231120230637020404740450
0001886143231120230637012504843595
0001886153231120230640012754388054
0001886163231120230644012384561598
0001886173231120230645016541375772
0001886183231120230645012691857052
0001886193231120230646020322618953
0001886203231120230649012683710765
0001886213231120230650013121248064
0001886223231120230650012893729047
0001886233231120230650012749227048
0001886243231120230650016110188191
0001886253231120230654012533565840
0001886263231120230659012274000702
0001886273231120230701012384706146
0001886283231120230708014590727397
0001886293231120230709014456481273
0001886303231120230711014875056954
0001886313231120230713012504643456
0001886323231120230715020027271468
0001886333231120230717014274344076
0001886343231120230717016331402048
0001886353231120230718020400875033
0001886363231120230719012868223399
0001886373231120230719020300756865
0001886383231120230730020309227520
0001886393231120230739012355287904
0001886403231120231703014274344076
0001886413231120231703012429798575
0001886423231120231703012504843595
0001886433231120231704012868223399
0001886443231120231704020309227520
0001886453231120231705012893729047
0001886463231120231706012504643456
0001886473231120231706016110188191
0001886483231120231707012749227048
0001886493231120231709020400875033
0001886503231120231710012384706146
0001886513231120231710012274000702
0001886523231120231730015096783271
0001886533231120231738016204749006
0001886543231120231812012719968074
0001886553231120231814020027271468
0001886563231120231815016551528695
0001886573231120231828014456481273
0001886583231120231833016331402048
0001886593231120231833020404740450
0001886603231120231833014590727397
0001886613231120231836013121248064
0001886623231120231838012355287904
0001886633231120231838019009552988
0001886643231120231838012663295045
0001886653231120231851014875056954
0001886663231120231851012754388054
0001886673231120231856020322618953
0001886683241120230628012754388054
0001886693241120230639020404740450
0001886703241120230641020027271468
0001886713241120230641012504843595
0001886723241120230642012429798575
0001886733241120230643012384561598
0001886743241120230645012683710765
0001886753241120230645012749227048
0001886763241120230645012691857052
0001886773241120230646016110188191
0001886783241120230650012893729047
0001886793241120230652013462428275
0001886803241120230653020322618953
0001886813241120230655012384706146
0001886823241120230700012274000702
0001886833241120230700012680089695
0001886843241120230704016541375772
0001886853241120230705014590727397
0001886863241120230707013121248064
0001886873241120230708014456481273
0001886883241120230710016331402048
0001886893241120230710020400875033
0001886903241120230712012917605040
0001886913241120230712014875056954
0001886923241120230715012504643456
0001886933241120230715020309227520
0001886943241120230715012533565840
0001886953241120230716014274344076
0001886963241120230720012868223399
0001886973241120230727012355287904
0001886983241120230745020637848041
0001886993241120231342016331402048
0001887003241120231703014274344076
0001887013241120231703012429798575
0001887023241120231703012504643456
0001887033241120231703020309227520
0001887043241120231703012749227048
0001887053241120231704012868223399
0001887063241120231704012893729047
0001887073241120231704013462428275
0001887083241120231704012533565840
0001887093241120231704012504843595
0001887103241120231705016541375772
0001887113241120231708012274000702
0001887123241120231708012384706146
0001887133241120231709020400875033
0001887143241120231710020637848041
0001887153241120231721012680089695
0001887163241120231748016204749006
0001887173241120231808014456481273
0001887183241120231813012719968074
0001887193241120231822020322618953
0001887203241120231822020027271468
0001887213241120231830014590727397
0001887223241120231830019009552988
0001887233241120231832012663295045
0001887243241120231833020404740450
0001887253241120231834012355287904
0001887263241120231834013121248064
0001887273241120231857012754388054
0001887283241120231857014875056954
0001887293251120230639020404740450
0001887303251120230639012504843595
0001887313251120230645012749227048
0001887323251120230649012683710765
0001887333251120230655012680089695
0001887343251120230655012754388054
0001887353251120230658013121248064
0001887363251120230700016331402048
0001887373251120230704014590727397
0001887383251120230708020400875033
0001887393251120230709014456481273
0001887403251120230709012504643456
0001887413251120230721014875056954
0001887423251120230730012355287904
0001887433251120230735016204749006
0001887443251120230745019009552988
0001887453251120231653020322618953
0001887463251120231703012680089695
0001887473251120231703012749227048
0001887483251120231704012504643456
0001887493251120231734015096783271
0001887503251120231804014875056954
0001887513251120231805012719968074
0001887523251120231810012754388054
0001887533251120231828016331402048
0001887543251120231828014456481273
0001887553251120231830014590727397
0001887563251120231830012663295045
0001887573251120231830012504843595
0001887583251120231830020404740450
0001887593251120231830016204749006
0001887603251120231830013121248064
0001887613251120231836012355287904
0001887623271120230641020404740450
0001887633271120230641012504843595
0001887643271120230641012691857052
0001887653271120230642012754388054
0001887663271120230642012384561598
0001887673271120230643012429798575
0001887683271120230645012683710765
0001887693271120230648013121248064
0001887703271120230650012893729047
0001887713271120230650012749227048
0001887723271120230655016541375772
0001887733271120230657012680089695
0001887743271120230700012384706146
0001887753271120230702012274000702
0001887763271120230703012533565840
0001887773271120230704016110188191
0001887783271120230708020027271468
0001887793271120230710020637848041
0001887803271120230711012868223399
0001887813271120230712014590727397
0001887823271120230716016331402048
0001887833271120230717014875056954
0001887843271120230717014274344076
0001887853271120230717014456481273
0001887863271120230722020322618953
0001887873271120230736012355287904
0001887883271120230803012504643456
0001887893271120231100020309227520
0001887903271120231118012893729047
0001887913271120231703014274344076
0001887923271120231703020309227520
0001887933271120231703012868223399
0001887943271120231703012429798575
0001887953271120231704012504843595
0001887963271120231705012749227048
0001887973271120231705012533565840
0001887983271120231705020637848041
0001887993271120231706016110188191
0001888003271120231707012355287904
0001888013271120231707012504643456
0001888023271120231709020400875033
0001888033271120231709012274000702
0001888043271120231709012384706146
0001888053271120231723016204749006
0001888063271120231724014590727397
0001888073271120231742015096783271
0001888083271120231804020027271468
0001888093271120231804020322618953
0001888103271120231810012719968074
0001888113271120231830012663295045
0001888123271120231830014456481273
0001888133271120231831016331402048
0001888143271120231832020404740450
0001888153271120231834019009552988
0001888163271120231834013121248064
0001888173271120231852012754388054
0001888183271120231852014875056954
0001888193281120230640012504843595
0001888203281120230640012754388054
0001888213281120230640020404740450
0001888223281120230640020027271468
0001888233281120230640020400875033
0001888243281120230640012868223399
0001888253281120230641012691857052
0001888263281120230644012429798575
0001888273281120230645012533565840
0001888283281120230646012683710765
0001888293281120230647013121248064
0001888303281120230648020637848041
0001888313281120230652012749227048
0001888323281120230652012893729047
0001888333281120230657012274000702
0001888343281120230657012384706146
0001888353281120230706020322618953
0001888363281120230710014456481273
0001888373281120230716020309227520
0001888383281120230716014274344076
0001888393281120230718012504643456
0001888403281120230719014875056954
0001888413281120230719016331402048
0001888423281120230723012355287904
0001888433281120231703012429798575
0001888443281120231705012749227048
0001888453281120231705012893729047
0001888463281120231705012533565840
0001888473281120231705012504843595
0001888483281120231706012868223399
0001888493281120231706012384706146
0001888503281120231706012274000702
0001888513281120231706020400875033
0001888523281120231708016110188191
0001888533281120231709012355287904
0001888543281120231709012504643456
0001888553281120231710014274344076
0001888563281120231730016204749006
0001888573281120231738015096783271
0001888583281120231754020027271468
0001888593281120231800014875056954
0001888603281120231801012754388054
0001888613281120231817012719968074
0001888623281120231817014456481273
0001888633281120231818016331402048
0001888643281120231831013121248064
0001888653281120231834020404740450
0001888663281120231838019009552988
0001888673281120231838012663295045
0001888683281120231840020322618953
0001888693291120230638012504843595
0001888703291120230638020404740450
0001888713291120230641012754388054
0001888723291120230641012680089695
0001888733291120230642012868223399
0001888743291120230642012384561598
0001888753291120230643012691857052
0001888763291120230644020027271468
0001888773291120230645016110188191
0001888783291120230648013121248064
0001888793291120230651012893729047
0001888803291120230651012274000702
0001888813291120230651012533565840
0001888823291120230653020322618953
0001888833291120230654012384706146
0001888843291120230701012749227048
0001888853291120230706020400875033
0001888863291120230709014456481273
0001888873291120230714014875056954
0001888883291120230715016331402048
0001888893291120230727014274344076
0001888903291120230729012504643456
0001888913291120230738012355287904
9999999990000000000000003960000000000000000000000000009
