0000000001101737963000720            MONSERTEC ENGENHARIA LTDA                                                                                                                             000090036500520090111202329112023291120230850
0000152103011120230650012831926043
0000152113011120230650012680841044
0000152123011120230651020040111576
0000152133011120230651012757631073
0000152143011120230654016211099291
0000152153011120230655012694421069
0000152163011120230657016021447736
0000152173011120230706012947311053
0000152183011120230706020340959678
0000152193011120230706020480229168
0000152203011120230710012533568343
0000152213011120230711012941673050
0000152223011120230711012547143196
0000152233011120230715012722245053
0000152243011120230715016124044987
0000152253011120230715012360499787
0000152263011120230715020341014820
0000152273011120230715012430110549
0000152283011120230715016538087419
0000152293011120230715016046751323
0000152303011120230715012678987088
0000152313011120230716016204749006
0000152323011120230717012825336086
0000152333011120230717012869018101
0000152343011120230717020404674490
0000152353011120230744012475043360
0000152363011120231703012533568343
0000152373011120231705012825336086
0000152383011120231705020480229168
0000152393011120231705020931631909
0000152403011120231705012947311053
0000152413011120231706012831926043
0000152423011120231706020040111576
0000152433011120231706016046751323
0000152443011120231706012722245053
0000152453011120231706020340959678
0000152463011120231706012694421069
0000152473011120231706012360499787
0000152483011120231706020341014820
0000152493011120231706012678987088
0000152503011120231707012941673050
0000152513011120231707016538087419
0000152523011120231707016021447736
0000152533011120231708016124044987
0000152543011120231708012757631073
0000152553011120231708016211099291
0000152563011120231708012547143196
0000152573011120231708012430110549
0000152583011120231710012475043360
0000152593011120231712012680841044
0000152603011120231712016551528695
0000152613011120231713012880341169
0000152623031120230650012694421069
0000152633031120230650012475043360
0000152643031120230650012757631073
0000152653031120230652016021447736
0000152663031120230655012680841044
0000152673031120230656012722245053
0000152683031120230659020040111576
0000152693031120230706020340959678
0000152703031120230706020480229168
0000152713031120230710012533568343
0000152723031120230710012941673050
0000152733031120230710012547143196
0000152743031120230716012825336086
0000152753031120230716016124044987
0000152763031120230716012360499787
0000152773031120230716016211099291
0000152783031120230716020341014820
0000152793031120230717012678987088
0000152803031120230717016538087419
0000152813031120230717012947311053
0000152823031120230717016046751323
0000152833031120230717012430110549
0000152843031120230722016204749006
0000152853031120231705012694421069
0000152863031120231705012722245053
0000152873031120231705020480229168
0000152883031120231705012678987088
0000152893031120231705012430110549
0000152903031120231705020720528458
0000152913031120231705020040111576
0000152923031120231705012825336086
0000152933031120231705012533568343
0000152943031120231706016021447736
0000152953031120231706020931631909
0000152963031120231706012941673050
0000152973031120231706012947311053
0000152983031120231706020404674490
0000152993031120231706012360499787
0000153003031120231706016046751323
0000153013031120231706020340959678
0000153023031120231706016211099291
0000153033031120231706020341014820
0000153043031120231707016124044987
0000153053031120231707012757631073
0000153063031120231707016538087419
0000153073031120231707012547143196
0000153083031120231708012680841044
0000153093031120231708016551528695
0000153103031120231708012475043360
0000153113041120230657012475043360
0000153123051120230634016124044987
0000153133051120230651012757631073
0000153143051120231658016124044987
0000153153051120231710012757631073
0000153163061120230650012831926043
0000153173061120230651012757631073
0000153183061120230653016211099291
0000153193061120230655012694421069
0000153203061120230657020040111576
0000153213061120230658012680841044
000015322606112023065902
0000153233061120230703016021447736
0000153243061120230709020480229168
0000153253061120230709020340959678
0000153263061120230710012941673050
0000153273061120230710012547143196
0000153283061120230712020385258466
0000153293061120230718012722245053
0000153303061120230718016124044987
0000153313061120230718020341014820
0000153323061120230719016046751323
0000153333061120230719016538087419
0000153343061120230719012947311053
0000153353061120230719012430110549
0000153363061120230720012825336086
0000153373061120231651020405184446
0000153383061120231705020480229168
0000153393061120231705012831926043
0000153403061120231705012699425062
0000153413061120231705020040111576
0000153423061120231705012825336086
0000153433061120231705020931631909
0000153443061120231705012694421069
0000153453061120231705016046751323
0000153463061120231706020341014820
0000153473061120231706020340959678
0000153483061120231706012722245053
0000153493061120231706012947311053
0000153503061120231706016021447736
0000153513061120231706020385258466
0000153523061120231707016211099291
0000153533061120231707012475043360
0000153543061120231707012941673050
0000153553061120231708016538087419
0000153563061120231708012547143196
0000153573061120231722012680841044
0000153583061120231900016124044987
0000153593061120231908012430110549
0000153603061120231909012757631073
0000153613071120230650016021447736
0000153623071120230650012831926043
0000153633071120230650012694421069
0000153643071120230650016211099291
0000153653071120230652012475043360
0000153663071120230655012757631073
0000153673071120230657020040111576
0000153683071120230659012680841044
0000153693071120230701012947311053
0000153703071120230703012941673050
0000153713071120230704012547143196
0000153723071120230705012699425062
0000153733071120230706020340959678
0000153743071120230706020480229168
0000153753071120230713020404674490
0000153763071120230713012869018101
0000153773071120230715020385258466
0000153783071120230718012825336086
0000153793071120230725012722245053
0000153803071120230725012430110549
0000153813071120230725016046751323
0000153823071120230726012360499787
0000153833071120230726016538087419
0000153843071120230726020341014820
0000153853071120230726016124044987
0000153863071120231201012947311053
0000153873071120231705012831926043
000015388607112023170502
0000153893071120231706012694421069
0000153903071120231706016211099291
0000153913071120231706012825336086
0000153923071120231706016046751323
0000153933071120231706016021447736
0000153943071120231707020341014820
0000153953071120231707012430110549
0000153963071120231707012699425062
0000153973071120231708020040111576
0000153983071120231708020480229168
0000153993071120231709012475043360
0000154003071120231709012941673050
0000154013071120231709012547143196
0000154023071120231709016124044987
0000154033071120231709012360499787
0000154043071120231709012757631073
0000154053071120231709020340959678
0000154063071120231710016538087419
0000154073071120231714012680841044
0000154083081120230650012475043360
0000154093081120230650012757631073
0000154103081120230651012831926043
0000154113081120230651012694421069
0000154123081120230652020040111576
0000154133081120230652016021447736
0000154143081120230657012699425062
0000154153081120230704012941673050
0000154163081120230704012547143196
0000154173081120230709012680841044
0000154183081120230709020340959678
0000154193081120230710020480229168
0000154203081120230715012869018101
0000154213081120230715020404674490
0000154223081120230718016204749006
0000154233081120230720016124044987
0000154243081120230720020341014820
0000154253081120230721012360499787
0000154263081120230721012430110549
0000154273081120230721016538087419
0000154283081120230721012947311053
0000154293081120230721012825336086
0000154303081120230721016046751323
0000154313081120230724016211099291
0000154323081120231705012825336086
0000154333081120231705012831926043
0000154343081120231705012430110549
0000154353081120231705016211099291
0000154363081120231705016046751323
0000154373081120231705016021447736
0000154383081120231705020931631909
0000154393081120231705012735261079
0000154403081120231705020040111576
0000154413081120231706012941673050
0000154423081120231706020480229168
0000154433081120231706012547143196
0000154443081120231706012694421069
0000154453081120231706012360499787
0000154463081120231707020341014820
0000154473081120231707012947311053
0000154483081120231707016124044987
0000154493081120231707020340959678
0000154503081120231707012757631073
0000154513081120231708016538087419
0000154523081120231710012475043360
0000154533081120231719012680841044
0000154543091120230650016211099291
0000154553091120230650012831926043
0000154563091120230650012699425062
0000154573091120230650012694421069
0000154583091120230650012757631073
0000154593091120230651012475043360
0000154603091120230654020040111576
0000154613091120230658012680841044
0000154623091120230703016021447736
0000154633091120230704018221173628
0000154643091120230713020480229168
0000154653091120230713020340959678
0000154663091120230716016204749006
0000154673091120230717020385258466
0000154683091120230717012825336086
0000154693091120230718012941673050
0000154703091120230718012547143196
0000154713091120230720020341014820
0000154723091120230720012360499787
0000154733091120230720016538087419
0000154743091120230720016124044987
0000154753091120230720012947311053
0000154763091120230720016046751323
0000154773091120231235012547143196
0000154783091120231705020480229168
0000154793091120231705012825336086
0000154803091120231705012430110549
0000154813091120231705012831926043
0000154823091120231705016538087419
0000154833091120231705020040111576
0000154843091120231705020931631909
0000154853091120231705012475043360
0000154863091120231706012694421069
0000154873091120231706016124044987
0000154883091120231706020385258466
0000154893091120231706020340959678
0000154903091120231706016046751323
0000154913091120231706016021447736
0000154923091120231706012360499787
0000154933091120231707020341014820
0000154943091120231707016211099291
0000154953091120231708012757631073
0000154963091120231708012941673050
0000154973091120231708012947311053
0000154983091120231708016551528695
0000154993091120231717012680841044
0000155003101120230650012694421069
0000155013101120230650012831926043
0000155023101120230651016021447736
0000155033101120230651012757631073
0000155043101120230654012680841044
0000155053101120230655012475043360
0000155063101120230658020040111576
0000155073101120230707020480229168
0000155083101120230707020340959678
0000155093101120230709012825336086
0000155103101120230712016211099291
0000155113101120230718016204749006
0000155123101120230719012941673050
0000155133101120230720012869018101
0000155143101120230720020404674490
0000155153101120230723020341014820
0000155163101120230723016124044987
0000155173101120230723012360499787
0000155183101120230723012947311053
0000155193101120230724012430110549
0000155203101120230724016046751323
0000155213101120230724016538087419
0000155223101120231400020040111576
0000155233101120231705016211099291
0000155243101120231705012831926043
0000155253101120231705012825336086
0000155263101120231705012694421069
0000155273101120231705016021447736
0000155283101120231705016046751323
0000155293101120231705020480229168
0000155303101120231705012360499787
0000155313101120231706012430110549
0000155323101120231706020931631909
0000155333101120231706012941673050
0000155343101120231706020340959678
0000155353101120231706016124044987
0000155363101120231706020341014820
0000155373101120231706012947311053
0000155383101120231706012757631073
0000155393101120231707012475043360
0000155403101120231707016538087419
0000155413101120231716012680841044
0000155423111120230710012680841044
0000155433111120230740012941673050
0000155443111120231705020931631909
0000155453111120231716012941673050
0000155463111120231742012680841044
0000155473121120230630016124044987
0000155483121120230640012757631073
0000155493121120230716012947311053
0000155503121120231720012757631073
0000155513121120231720012947311053
0000155523121120231730016124044987
0000155533131120230650012757631073
0000155543131120230650020040111576
0000155553131120230650012831926043
0000155563131120230652012694421069
0000155573131120230654016021447736
0000155583131120230658012680841044
0000155593131120230658012699425062
0000155603131120230702020340959678
0000155613131120230702020480229168
0000155623131120230704016211099291
0000155633131120230714012941673050
0000155643131120230714012547143196
0000155653131120230717012825336086
0000155663131120230719020385258466
0000155673131120230720012430110549
0000155683131120230720012360499787
0000155693131120230720016124044987
0000155703131120230720016538087419
0000155713131120230720016046751323
0000155723131120230720020341014820
0000155733131120230720012947311053
0000155743131120230723016204749006
0000155753131120231645012825336086
0000155763131120231705016021447736
0000155773131120231705012831926043
0000155783131120231705012694421069
0000155793131120231705012699425062
0000155803131120231705020931631909
0000155813131120231705012430110549
0000155823131120231706020040111576
0000155833131120231706012947311053
0000155843131120231706012360499787
0000155853131120231706016046751323
0000155863131120231706016124044987
0000155873131120231707012757631073
0000155883131120231708012941673050
0000155893131120231708012547143196
0000155903131120231708020341014820
0000155913131120231709020480229168
0000155923131120231709020340959678
0000155933131120231709016538087419
0000155943131120231713016211099291
0000155953131120231830012680841044
0000155963141120230650012831926043
0000155973141120230650012694421069
0000155983141120230650020040111576
0000155993141120230650016021447736
0000156003141120230651012475043360
0000156013141120230652012757631073
0000156023141120230652016211099291
0000156033141120230658012699425062
0000156043141120230701012680841044
000015605614112023070202
0000156063141120230708012941673050
0000156073141120230708012547143196
0000156083141120230712020340959678
0000156093141120230712020480229168
0000156103141120230717012869018101
0000156113141120230718012825336086
0000156123141120230723016204749006
0000156133141120230728016046751323
0000156143141120230728016124044987
0000156153141120230728012360499787
0000156163141120230728020341014820
0000156173141120230728012430110549
0000156183141120230728016538087419
000015619614112023072902
0000156203141120230729012947311053
0000156213141120231705012825336086
0000156223141120231705012831926043
0000156233141120231705012694421069
0000156243141120231705020480229168
0000156253141120231705016046751323
0000156263141120231705012699425062
0000156273141120231705020931631909
0000156283141120231706012360499787
0000156293141120231706020040111576
0000156303141120231706016211099291
0000156313141120231706016124044987
0000156323141120231706016021447736
0000156333141120231706012947311053
0000156343141120231707012430110549
0000156353141120231707012757631073
0000156363141120231707020340959678
0000156373141120231707012941673050
0000156383141120231707016538087419
0000156393141120231708020341014820
0000156403141120231708012547143196
0000156413141120231833012680841044
0000156423151120230646012757631073
0000156433151120230653012680841044
0000156443151120231810012680841044
0000156453151120231838012757631073
0000156463161120230651020040111576
0000156473161120230651012757631073
0000156483161120230651012831926043
0000156493161120230651012694421069
0000156503161120230651016021447736
0000156513161120230657012699425062
0000156523161120230701012680841044
0000156533161120230707012941673050
0000156543161120230707012547143196
0000156553161120230712020340959678
0000156563161120230713020480229168
0000156573161120230715012825336086
0000156583161120230721016124044987
0000156593161120230721016211099291
0000156603161120230722016046751323
0000156613161120230722012360499787
0000156623161120230722012430110549
0000156633161120230722020341014820
0000156643161120230722016538087419
0000156653161120230723020385258466
0000156663161120230723012947311053
0000156673161120231705012694421069
0000156683161120231705012825336086
0000156693161120231705012831926043
0000156703161120231705012947311053
0000156713161120231705016021447736
0000156723161120231705020480229168
0000156733161120231705020931631909
0000156743161120231705016538087419
0000156753161120231706016046751323
0000156763161120231706016211099291
0000156773161120231706012941673050
0000156783161120231706012699425062
0000156793161120231706020040111576
000015680616112023170602
0000156813161120231707012360499787
0000156823161120231707020341014820
0000156833161120231707012757631073
0000156843161120231707012547143196
0000156853161120231708016124044987
0000156863161120231708020340959678
0000156873161120231709012430110549
0000156883161120231819012680841044
0000156893171120230650012694421069
0000156903171120230650012831926043
0000156913171120230650016211099291
0000156923171120230650016021447736
0000156933171120230652020341014820
0000156943171120230652012699425062
0000156953171120230654012680841044
0000156963171120230659020040111576
0000156973171120230701020480229168
0000156983171120230701020340959678
0000156993171120230707012547143196
0000157003171120230707012941673050
0000157013171120230709012825336086
0000157023171120230710012947311053
0000157033171120230724016204749006
0000157043171120230725016124044987
0000157053171120230725016046751323
0000157063171120230726012360499787
0000157073171120230726016538087419
0000157083171120231627012941673050
0000157093171120231627012547143196
0000157103171120231705016211099291
0000157113171120231705020480229168
0000157123171120231705012831926043
0000157133171120231705016021447736
0000157143171120231705012825336086
0000157153171120231706016046751323
0000157163171120231706012430110549
0000157173171120231706012699425062
0000157183171120231706020040111576
0000157193171120231706016538087419
0000157203171120231706012360499787
0000157213171120231706020340959678
0000157223171120231707020341014820
0000157233171120231707016124044987
0000157243171120231707012947311053
0000157253171120231708012694421069
0000157263171120231708012757631073
0000157273171120231831012680841044
0000157283181120230705012680841044
0000157293181120231835012680841044
0000157303191120230645016124044987
0000157313191120230650012757631073
0000157323191120230709018221173628
0000157333191120231830016124044987
0000157343191120231831012757631073
0000157353201120230650012831926043
0000157363201120230651012757631073
0000157373201120230652016211099291
0000157383201120230652012694421069
0000157393201120230653012547143196
0000157403201120230653012941673050
0000157413201120230656012699425062
0000157423201120230701012680841044
0000157433201120230702020040111576
0000157443201120230704012947311053
0000157453201120230707020341014820
0000157463201120230712020480229168
0000157473201120230712020340959678
0000157483201120230718020385258466
0000157493201120230718012825336086
0000157503201120230722016124044987
0000157513201120230723016046751323
0000157523201120230723012360499787
0000157533201120230723016538087419
0000157543201120230723012430110549
0000157553201120230733016204749006
0000157563201120231705012694421069
0000157573201120231705012831926043
0000157583201120231705016021447736
0000157593201120231705012430110549
000015760620112023170502
0000157613201120231706012699425062
0000157623201120231706020340959678
0000157633201120231706020480229168
0000157643201120231706012360499787
0000157653201120231706016046751323
0000157663201120231706012825336086
0000157673201120231706012757631073
0000157683201120231706016124044987
0000157693201120231707020341014820
0000157703201120231707020040111576
0000157713201120231707012941673050
0000157723201120231707016538087419
0000157733201120231707012947311053
0000157743201120231708012547143196
0000157753201120231708016211099291
0000157763201120231712020931631909
0000157773201120231830012680841044
0000157783211120230650016021447736
0000157793211120230650012757631073
0000157803211120230650016211099291
0000157813211120230651012694421069
0000157823211120230654020040111576
0000157833211120230656012680841044
0000157843211120230705012825336086
0000157853211120230709020385258466
0000157863211120230709012547143196
0000157873211120230709012941673050
0000157883211120230714020480229168
0000157893211120230714012831926043
0000157903211120230714020340959678
0000157913211120230723012360499787
0000157923211120230724016124044987
0000157933211120230724020341014820
0000157943211120230724016538087419
0000157953211120230724016046751323
0000157963211120230724012430110549
0000157973211120230725012947311053
0000157983211120230728012699425062
0000157993211120230729016204749006
0000158003211120231705012825336086
0000158013211120231705016021447736
0000158023211120231705012831926043
0000158033211120231705016538087419
0000158043211120231705012694421069
000015805621112023170502
0000158063211120231706020931631909
0000158073211120231706012699425062
0000158083211120231706016046751323
0000158093211120231706020040111576
0000158103211120231706020385258466
0000158113211120231706012547143196
0000158123211120231707016124044987
0000158133211120231707020480229168
0000158143211120231707020340959678
0000158153211120231707020341014820
0000158163211120231708012757631073
0000158173211120231708012941673050
0000158183211120231708012360499787
0000158193211120231708012430110549
0000158203211120231709012947311053
0000158213211120231719016211099291
0000158223211120231819012680841044
0000158233221120230650016021447736
0000158243221120230651012694421069
0000158253221120230652012831926043
0000158263221120230657012757631073
000015827622112023065702
0000158283221120230657012475043360
0000158293221120230658016211099291
0000158303221120230658020040111576
0000158313221120230706012941673050
0000158323221120230706012547143196
0000158333221120230706012680841044
0000158343221120230709012699425062
0000158353221120230714020340959678
0000158363221120230714020480229168
0000158373221120230718012825336086
0000158383221120230724016046751323
0000158393221120230724020341014820
0000158403221120230724016124044987
0000158413221120230724016538087419
0000158423221120230724012360499787
0000158433221120230725012430110549
0000158443221120230728020300756865
0000158453221120230733016204749006
0000158463221120231310012680841044
0000158473221120231705012825336086
0000158483221120231705016021447736
0000158493221120231705016046751323
0000158503221120231705012831926043
0000158513221120231705020480229168
0000158523221120231705016538087419
0000158533221120231705012430110549
0000158543221120231705016211099291
0000158553221120231705012547143196
0000158563221120231706012757631073
0000158573221120231706020340959678
0000158583221120231706012941673050
0000158593221120231706012947311053
0000158603221120231706012699425062
0000158613221120231706020040111576
0000158623221120231706020300756865
0000158633221120231706020341014820
0000158643221120231706016124044987
0000158653221120231707012360499787
0000158663221120231707012694421069
0000158673231120230650012694421069
0000158683231120230650016021447736
0000158693231120230651020040111576
0000158703231120230651012699425062
0000158713231120230655016211099291
0000158723231120230655012831926043
0000158733231120230656012757631073
0000158743231120230706012557806015
0000158753231120230706020340959678
0000158763231120230706020480229168
0000158773231120230710012941673050
0000158783231120230710012547143196
0000158793231120230711012680841044
0000158803231120230716012825336086
0000158813231120230719016204749006
0000158823231120230721016046751323
0000158833231120230722012360499787
0000158843231120230722020341014820
0000158853231120230722016538087419
0000158863231120230722012947311053
0000158873231120230722016124044987
0000158883231120230722012430110549
0000158893231120231705020480229168
0000158903231120231705012825336086
0000158913231120231705012831926043
0000158923231120231705016211099291
0000158933231120231705016021447736
0000158943231120231705012430110549
0000158953231120231705020931631909
0000158963231120231705016046751323
0000158973231120231705020340959678
0000158983231120231706012694421069
0000158993231120231706012360499787
0000159003231120231706016124044987
0000159013231120231706012699425062
0000159023231120231706020341014820
0000159033231120231706020040111576
0000159043231120231706012947311053
0000159053231120231707020300756865
0000159063231120231707012757631073
0000159073231120231707016538087419
0000159083231120231707012941673050
0000159093231120231708012547143196
0000159103231120231711020385258466
0000159113231120231826012680841044
0000159123241120230650012831926043
0000159133241120230650016021447736
0000159143241120230650012694421069
0000159153241120230651020040111576
0000159163241120230652012680841044
0000159173241120230652012757631073
0000159183241120230654016211099291
0000159193241120230655012699425062
0000159203241120230707012941673050
000015921624112023070702
0000159223241120230708012547143196
0000159233241120230709012825336086
0000159243241120230712020385258466
0000159253241120230721020340959678
0000159263241120230721016046751323
0000159273241120230721020341014820
0000159283241120230722012360499787
0000159293241120230722016124044987
0000159303241120230722016538087419
0000159313241120230722012430110549
0000159323241120230722012947311053
0000159333241120230736016204749006
0000159343241120231705012694421069
0000159353241120231705012825336086
0000159363241120231705012831926043
0000159373241120231705012430110549
0000159383241120231705016021447736
0000159393241120231705020931631909
0000159403241120231705012699425062
0000159413241120231706016538087419
0000159423241120231706016046751323
0000159433241120231706012360499787
0000159443241120231706016124044987
0000159453241120231707012941673050
0000159463241120231707020341014820
0000159473241120231707012547143196
0000159483241120231707020340959678
0000159493241120231708020040111576
0000159503241120231708012947311053
0000159513241120231708012757631073
0000159523241120231708020300756865
0000159533241120231709016211099291
0000159543241120231742012680841044
0000159553251120230707020480229168
0000159563251120230709012680841044
0000159573251120230744020385258466
0000159583251120231603020385258466
0000159593251120231701020480229168
0000159603251120231824012680841044
0000159613261120230632012757631073
0000159623261120230646016124044987
0000159633261120230719018221173628
0000159643261120231836012757631073
0000159653271120230650012947311053
0000159663271120230650012831926043
0000159673271120230650012757631073
0000159683271120230651020040111576
0000159693271120230651012694421069
0000159703271120230651016021447736
0000159713271120230655016211099291
0000159723271120230655012699425062
0000159733271120230658012680841044
0000159743271120230703012941673050
0000159753271120230703012547143196
0000159763271120230704020340959678
0000159773271120230704020480229168
0000159783271120230711020385258466
0000159793271120230713012825336086
0000159803271120230716012869018101
0000159813271120230716020404674490
0000159823271120230719012360499787
0000159833271120230719016124044987
0000159843271120230719016046751323
0000159853271120230719016538087419
0000159863271120230719020341014820
0000159873271120230720012430110549
0000159883271120230732016204749006
0000159893271120231153016538087419
0000159903271120231705012831926043
0000159913271120231705020480229168
0000159923271120231705016021447736
0000159933271120231705020931631909
0000159943271120231705012825336086
0000159953271120231705012694421069
0000159963271120231706016046751323
0000159973271120231706012947311053
0000159983271120231706012360499787
0000159993271120231706012941673050
0000160003271120231706012547143196
0000160013271120231707016211099291
0000160023271120231707020300756865
0000160033271120231707020341014820
0000160043271120231707012699425062
0000160053271120231708020040111576
0000160063271120231708020340959678
0000160073271120231708016124044987
0000160083271120231708012430110549
0000160093271120231708012757631073
0000160103271120231715012680841044
0000160113281120230651016021447736
0000160123281120230651012831926043
0000160133281120230651012757631073
0000160143281120230651020040111576
0000160153281120230652012475043360
0000160163281120230652012694421069
0000160173281120230655012699425062
0000160183281120230702016211099291
0000160193281120230707012941673050
0000160203281120230707012547143196
0000160213281120230709020340959678
0000160223281120230709020480229168
0000160233281120230713020385258466
0000160243281120230714012680841044
0000160253281120230715012825336086
0000160263281120230719016204749006
0000160273281120230725016124044987
0000160283281120230725020341014820
0000160293281120230725012360499787
0000160303281120230725016538087419
0000160313281120230725012947311053
0000160323281120230726012430110549
000016033628112023072602
0000160343281120230820016046751323
0000160353281120231703020385258466
0000160363281120231705020480229168
0000160373281120231705012831926043
0000160383281120231705012825336086
0000160393281120231705012694421069
000016040628112023170602
0000160413281120231706016211099291
0000160423281120231706020341014820
0000160433281120231706020931631909
0000160443281120231706012699425062
0000160453281120231706016021447736
0000160463281120231706012547143196
0000160473281120231707016046751323
0000160483281120231707012757631073
0000160493281120231707020040111576
0000160503281120231707016538087419
0000160513281120231707012360499787
0000160523281120231707016124044987
0000160533281120231708012947311053
0000160543281120231708020340959678
0000160553281120231708012430110549
0000160563281120231708012941673050
0000160573281120231709012680841044
0000160583291120230650012694421069
0000160593291120230650016211099291
0000160603291120230650012831926043
0000160613291120230650016021447736
0000160623291120230651012757631073
0000160633291120230653012699425062
0000160643291120230655020040111576
0000160653291120230703012941673050
0000160663291120230703012547143196
0000160673291120230706020340959678
0000160683291120230707012680841044
0000160693291120230711012825336086
0000160703291120230714012869018101
0000160713291120230716020385258466
0000160723291120230719016124044987
0000160733291120230719012430110549
0000160743291120230719016046751323
0000160753291120230720020341014820
0000160763291120230720012360499787
0000160773291120230720012947311053
0000160783291120230720016538087419
0000160793291120230730020300756865
0000160803291120230732016204749006
9999999990000000000000008600000000000000000000000000119
