0000000001101737963000720            MONSERTEC ENGENHARIA LTDA                                                                                                                             000090036500520152111202329112023291120230826
0000313653211120230643012746863121
0000313663211120230644020957555258
0000313673211120230650012743830052
0000313683211120230650020925209419
0000313693211120230650012806691046
0000313703211120230650020991913390
0000313713211120230650012459040328
0000313723211120230650016048024895
0000313733211120230650012890641084
0000313743211120230650020128814602
0000313753211120230650012722245053
0000313763211120230651013191173934
0000313773211120230651012612971078
0000313783211120230651012753405079
0000313793211120230651012628201072
0000313803211120230651012785821086
0000313813211120230651016013037265
0000313823211120230651020340970388
0000313833211120230652016529302000
0000313843211120230652020692475405
0000313853211120230652012545112269
0000313863211120230652012858002047
0000313873211120230653012722508070
0000313883211120230654013122865814
0000313893211120230656020326213354
0000313903211120230657019017032785
0000313913211120230657016237896024
0000313923211120230659013108153055
0000313933211120230659016199437366
0000313943211120230701016466865909
0000313953211120230708012898222072
0000313963211120230708020340964760
0000313973211120230711012475043360
0000313983211120230711012557806015
0000313993211120230720020012673964
0000314003211120231650012557806015
0000314013211120231703013031381059
0000314023211120231703013108153055
0000314033211120231705012972399082
0000314043211120231705012459040328
0000314053211120231705017053323852
0000314063211120231705012746863121
0000314073211120231705016198015131
0000314083211120231705016013037265
0000314093211120231705016529302000
0000314103211120231705020091049800
0000314113211120231706012612971078
0000314123211120231706016466865909
0000314133211120231706020957555258
0000314143211120231706012678987088
0000314153211120231706013122865814
0000314163211120231706012753405079
0000314173211120231706016199437366
0000314183211120231707016048024895
0000314193211120231707020991913390
0000314203211120231707012722245053
0000314213211120231707012346907040
0000314223211120231707012449412893
0000314233211120231707012628201072
0000314243211120231708016238408902
0000314253211120231708012559492042
0000314263211120231708012898222072
0000314273211120231708012890641084
0000314283211120231708012675112048
0000314293211120231709016308554538
0000314303211120231710012475043360
0000314313211120231710012475183804
0000314323211120231710012545112269
0000314333211120231710020340964760
0000314343211120231710020692475405
0000314353211120231830020925209419
0000314363211120231850012725645052
0000314373221120230429020054248676
0000314383221120230634016305559253
0000314393221120230637012746863121
0000314403221120230644012395259499
0000314413221120230648012291267169
0000314423221120230650012722508070
0000314433221120230650012722245053
0000314443221120230650012628201072
0000314453221120230650016308554538
0000314463221120230650013122865814
0000314473221120230650020931211594
0000314483221120230650016238408902
0000314493221120230651016048024895
0000314503221120230651012459040328
0000314513221120230651012449412893
0000314523221120230651020925209419
0000314533221120230651012545112269
0000314543221120230653020957555258
0000314553221120230653016013037265
0000314563221120230654016457582150
0000314573221120230654012559492042
0000314583221120230655013191173934
0000314593221120230658012675112048
0000314603221120230701012612971078
0000314613221120230706013108153055
0000314623221120230706012735261079
0000314633221120230708013316741452
0000314643221120230708017053323852
0000314653221120230708020637810885
0000314663221120230708016529302000
0000314673221120230709016199437366
0000314683221120230709020340964760
0000314693221120230709012898222072
0000314703221120230711016187065035
0000314713221120230715012557806015
0000314723221120230720020012673964
0000314733221120231703013031381059
0000314743221120231704016237896024
0000314753221120231705017053323852
0000314763221120231705012557806015
0000314773221120231705012722508070
0000314783221120231705012459040328
0000314793221120231705016048024895
0000314803221120231705020991913390
0000314813221120231705016529302000
0000314823221120231705012612971078
0000314833221120231705016466865909
0000314843221120231705020957555258
0000314853221120231706020931631909
0000314863221120231706012858002047
0000314873221120231706020340970388
0000314883221120231706016308554538
0000314893221120231706020091049800
0000314903221120231706012898222072
0000314913221120231706012746863121
0000314923221120231706016199437366
0000314933221120231706020201301339
0000314943221120231706012806691046
0000314953221120231707012449412893
0000314963221120231707012675112048
0000314973221120231707012559492042
0000314983221120231707012722245053
0000314993221120231707016238408902
0000315003221120231708016191422475
0000315013221120231709012475043360
0000315023221120231709012628201072
0000315033221120231709012475183804
0000315043221120231710012890641084
0000315053221120231711016013037265
0000315063221120231816012725645052
0000315073221120231829013122865814
0000315083221120231830020925209419
0000315093231120230645012395259499
0000315103231120230649012291267169
0000315113231120230649012785821086
0000315123231120230650012806691046
0000315133231120230650020326213354
0000315143231120230650012628201072
0000315153231120230650012722245053
0000315163231120230650012630234071
0000315173231120230650016466865909
0000315183231120230651020991913390
0000315193231120230651012612971078
0000315203231120230651016048024895
0000315213231120230651012890641084
0000315223231120230651012735261079
0000315233231120230651020957555258
0000315243231120230651020692475405
0000315253231120230651012753405079
0000315263231120230651012459040328
0000315273231120230651016237896024
0000315283231120230652012475043360
0000315293231120230652012917605040
0000315303231120230653012545112269
0000315313231120230653020630433172
0000315323231120230656012559492042
0000315333231120230656013122865814
0000315343231120230657020931211594
0000315353231120230702013108153055
0000315363231120230703017053323852
0000315373231120230704016529302000
0000315383231120230704016199437366
0000315393231120230704013191173934
0000315403231120230707012533568343
0000315413231120230710020340964760
0000315423231120230715012869018101
0000315433231120230720020012673964
0000315443231120230722016457582150
0000315453231120230726013111642851
0000315463231120231703013031381059
0000315473231120231703013108153055
0000315483231120231705012459040328
0000315493231120231705012735261079
0000315503231120231705012746863121
0000315513231120231705012557806015
0000315523231120231705017053323852
0000315533231120231706012545112269
0000315543231120231706016529302000
0000315553231120231706016198015131
0000315563231120231706020957555258
0000315573231120231706012612971078
0000315583231120231706012559492042
0000315593231120231706016466865909
0000315603231120231706013191173934
0000315613231120231706012449412893
0000315623231120231707016048024895
0000315633231120231707012890641084
0000315643231120231707012628201072
0000315653231120231707012722245053
0000315663231120231707016013037265
0000315673231120231708012291267169
0000315683231120231708012475043360
0000315693231120231709012346907040
0000315703231120231709016305559253
0000315713231120231712012475183804
0000315723231120231715012858002047
0000315733231120231715016237896024
0000315743231120231830013122865814
0000315753231120231830020692475405
0000315763231120231830012753405079
0000315773231120231830020925209419
0000315783241120230400012725645052
0000315793241120230638016305559253
0000315803241120230650020925209419
0000315813241120230650020340970388
0000315823241120230650020692475405
0000315833241120230651012291267169
0000315843241120230651012628201072
0000315853241120230651012459040328
0000315863241120230651012545112269
0000315873241120230652012746863121
0000315883241120230652013191173934
0000315893241120230653012449412893
0000315903241120230654016370583368
0000315913241120230654012766238044
0000315923241120230655012559492042
0000315933241120230657016199437366
0000315943241120230659020637810885
0000315953241120230659020957555258
0000315963241120230659016466865909
0000315973241120230659020404674490
0000315983241120230659016529302000
0000315993241120230700013122865814
0000316003241120230704012753405079
0000316013241120230706012475043360
0000316023241120230707013108153055
0000316033241120230711012557806015
0000316043241120230711016457582150
0000316053241120230711016048024895
0000316063241120230713021208886632
0000316073241120230715020340964760
0000316083241120230719020012673964
0000316093241120231703012459040328
0000316103241120231703013031381059
0000316113241120231703013108153055
0000316123241120231705012678987088
0000316133241120231705012722508070
0000316143241120231705016613212416
0000316153241120231705020340970388
0000316163241120231705012735261079
0000316173241120231705016013037265
0000316183241120231705012612971078
0000316193241120231705016529302000
0000316203241120231706016191422475
0000316213241120231706016194246406
0000316223241120231706012746863121
0000316233241120231706012449412893
0000316243241120231706016466865909
0000316253241120231706020091049800
0000316263241120231706012557806015
0000316273241120231707017053323852
0000316283241120231707012597622063
0000316293241120231707012559492042
0000316303241120231707012545112269
0000316313241120231707012722245053
0000316323241120231707012628201072
0000316333241120231707012054738273
0000316343241120231707013191173934
0000316353241120231708012659006689
0000316363241120231708012475043360
0000316373241120231710020957555258
0000316383241120231713012346907040
0000316393241120231759012725645052
0000316403241120231830013122865814
0000316413251120230624020214574010
0000316423251120230643012699425062
0000316433251120230648012475043360
0000316443251120230654016457582150
0000316453251120230658012612971078
0000316463251120230707013122865814
0000316473251120231701012699425062
0000316483251120231809012475043360
0000316493251120231832013122865814
0000316503251120231833012612971078
0000316513261120230650012459040328
0000316523261120231700012459040328
0000316533271120230648012291267169
0000316543271120230649012559492042
0000316553271120230650020201301339
0000316563271120230650016308554538
0000316573271120230650016237896024
0000316583271120230650012628201072
0000316593271120230650016048024895
0000316603271120230650012722245053
0000316613271120230650012459040328
0000316623271120230650016529302000
0000316633271120230650012898222072
0000316643271120230651012545112269
0000316653271120230652012678987088
0000316663271120230653012475043360
0000316673271120230654020214574010
0000316683271120230654016370583368
0000316693271120230655016198015131
0000316703271120230655020931211594
0000316713271120230655019017032785
0000316723271120230656012746863121
0000316733271120230656016191422475
0000316743271120230656016187807392
0000316753271120230657016457582150
0000316763271120230658020957555258
0000316773271120230659012612971078
0000316783271120230659016466865909
0000316793271120230659016187065035
0000316803271120230701020340964760
0000316813271120230701012281192417
0000316823271120230701016199437366
0000316833271120230702012725645052
0000316843271120230702012533568343
0000316853271120230702012785821086
0000316863271120230702012735908080
0000316873271120230702012753405079
0000316883271120230702012954948061
0000316893271120230703012675112048
0000316903271120230703020637810885
0000316913271120230707012054738273
0000316923271120230708012735261079
0000316933271120230708013122865814
0000316943271120230708012656598089
0000316953271120230709012858002047
0000316963271120230709020340970388
0000316973271120230709016013037265
0000316983271120230711020630433172
0000316993271120230714012557806015
0000317003271120230716013111642851
0000317013271120230718012972399082
0000317023271120230720020012673964
0000317033271120230721012743830052
0000317043271120230722013108153055
0000317053271120230730020300756865
0000317063271120231703013031381059
0000317073271120231703013108153055
0000317083271120231705012656598089
0000317093271120231705013122865814
0000317103271120231705012459040328
0000317113271120231705016529302000
0000317123271120231705012735261079
0000317133271120231706012746863121
0000317143271120231706012557806015
0000317153271120231706017053323852
0000317163271120231706020957555258
0000317173271120231706012612971078
0000317183271120231706016466865909
0000317193271120231706020340970388
0000317203271120231707012449412893
0000317213271120231707020091049800
0000317223271120231707012678987088
0000317233271120231707012753405079
0000317243271120231707012858002047
0000317253271120231707012954948061
0000317263271120231707016198015131
0000317273271120231707012559492042
0000317283271120231707016199437366
0000317293271120231707016013037265
0000317303271120231708012898222072
0000317313271120231708016191422475
0000317323271120231708016541375772
0000317333271120231708020719057463
0000317343271120231708012725645052
0000317353271120231708013191173934
0000317363271120231708016048024895
0000317373271120231708020201301339
0000317383271120231709012722245053
0000317393271120231709012475043360
0000317403271120231710012545112269
0000317413271120231710016238408902
0000317423271120231710012890641084
0000317433271120231711012291267169
0000317443271120231712012628201072
0000317453271120231714016237896024
0000317463271120231830020925209419
0000317473281120230650016191422475
0000317483281120230650012743830052
0000317493281120230650012806691046
0000317503281120230650012559492042
0000317513281120230650016308554538
0000317523281120230650012628201072
0000317533281120230650012459040328
0000317543281120230650016194246406
0000317553281120230650012656598089
0000317563281120230650020692475405
0000317573281120230651013122865814
0000317583281120230651012291267169
0000317593281120230651012722245053
0000317603281120230651020925209419
0000317613281120230651016048024895
0000317623281120230652020991913390
0000317633281120230652016198015131
0000317643281120230652016529302000
0000317653281120230654012449412893
0000317663281120230655016013037265
0000317673281120230655012722508070
0000317683281120230656012612971078
0000317693281120230657012054738273
0000317703281120230657012785821086
0000317713281120230702020957555258
0000317723281120230703013108153055
0000317733281120230703016457582150
0000317743281120230707020340964760
0000317753281120230714012972399082
0000317763281120230716012557806015
0000317773281120231406012545112269
0000317783281120231703013031381059
0000317793281120231705012475183804
0000317803281120231705012459040328
0000317813281120231705012806691046
0000317823281120231705012954948061
0000317833281120231705020957555258
0000317843281120231705016466865909
0000317853281120231705012612971078
0000317863281120231706016194246406
0000317873281120231706016191422475
0000317883281120231706020692475405
0000317893281120231706013122865814
0000317903281120231706016013037265
0000317913281120231706016529302000
0000317923281120231706016198015131
0000317933281120231707013191173934
0000317943281120231707017053323852
0000317953281120231707012557806015
0000317963281120231707012746863121
0000317973281120231707012449412893
0000317983281120231707012678987088
0000317993281120231707012291267169
0000318003281120231707012898222072
0000318013281120231708012725645052
0000318023281120231708016199437366
0000318033281120231708016048024895
0000318043281120231708012722245053
0000318053281120231708020201301339
0000318063281120231708012753405079
0000318073281120231708012559492042
0000318083281120231709020719057463
0000318093281120231710012475043360
0000318103281120231711012628201072
0000318113281120231712012346907040
0000318123281120231713016305559253
0000318133281120231836018221173628
0000318143291120230648012746863121
0000318153291120230650020925209419
0000318163291120230650012858002047
0000318173291120230650020011244237
0000318183291120230650012890641084
0000318193291120230650012459040328
0000318203291120230650012559492042
0000318213291120230650016194246406
0000318223291120230650012722245053
0000318233291120230650012898222072
0000318243291120230650012628201072
0000318253291120230651013191173934
0000318263291120230651012766238044
0000318273291120230651016048024895
0000318283291120230652012545112269
0000318293291120230653016370583368
0000318303291120230654012735261079
0000318313291120230654012972399082
0000318323291120230654020214574010
0000318333291120230654012785821086
0000318343291120230655012698584078
0000318353291120230656020957555258
0000318363291120230656016466865909
0000318373291120230656012735908080
0000318383291120230700016013037265
0000318393291120230704013122865814
0000318403291120230706020340964760
0000318413291120230707012753405079
0000318423291120230708012675112048
0000318433291120230709020362100882
0000318443291120230712013108153055
0000318453291120230716012557806015
0000318463291120230719020012673964
9999999990000000000000004820000000000000000000000000009
